Subsequence,Contains
ggagcatcggaggtg,0.306666666666667
gagcatcggaggtga,0.24
agcatcggaggtgat,0.213333333333333
gcatcggaggtgatg,0.213333333333333
catcggaggtgatgg,0.213333333333333
atcggaggtgatggg,0.2
tcggaggtgatgggc,0.2
cggaggtgatgggca,0.2
ggaggtgatgggcag,0.2
gaggtgatgggcagg,0.2
aggtgatgggcaggc,0.2
ggtgatgggcaggcg,0.2
gtgatgggcaggcgc,0.2
tgatgggcaggcgct,0.146666666666667
gatgggcaggcgctc,0.146666666666667
atgggcaggcgctca,0.146666666666667
tgggcaggcgctcac,0.146666666666667
gggcaggcgctcaca,0.146666666666667
ggcaggcgctcacat,0.146666666666667
gcaggcgctcacata,0.146666666666667
caggcgctcacataa,0.146666666666667
aggcgctcacataag,0.146666666666667
ggcgctcacataagc,0.146666666666667
gcgctcacataagct,0.146666666666667
cgctcacataagctg,0.146666666666667
gctcacataagctga,0.146666666666667
ctcacataagctgat,0.146666666666667
tcacataagctgatt,0.16
cacataagctgattg,0.16
acataagctgattgg,0.173333333333333
cataagctgattgga,0.2
ataagctgattggat,0.2
taagctgattggatt,0.226666666666667
aagctgattggattc,0.293333333333333
agctgattggattcc,0.293333333333333
gctgattggattccg,0.293333333333333
ctgattggattccgt,0.36
tgattggattccgtc,0.36
gattggattccgtcc,0.4
attggattccgtcca,0.4
ttggattccgtccaa,0.4
tggattccgtccaat,0.4
ggattccgtccaatg,0.4
gattccgtccaatgt,0.333333333333333
attccgtccaatgtc,0.306666666666667
ttccgtccaatgtca,0.306666666666667
tccgtccaatgtcag,0.266666666666667
ccgtccaatgtcagt,0.266666666666667
cgtccaatgtcagtc,0.266666666666667
gtccaatgtcagtcc,0.266666666666667
tccaatgtcagtccg,0.266666666666667
ccaatgtcagtccgg,0.266666666666667
caatgtcagtccggc,0.266666666666667
aatgtcagtccggca,0.266666666666667
atgtcagtccggcaa,0.266666666666667
tgtcagtccggcaat,0.266666666666667
gtcagtccggcaatg,0.266666666666667
tcagtccggcaatgt,0.266666666666667
cagtccggcaatgtg,0.266666666666667
agtccggcaatgtga,0.266666666666667
gtccggcaatgtgag,0.266666666666667
tccggcaatgtgagt,0.2
ccggcaatgtgagta,0.2
cggcaatgtgagtat,0.2
ggcaatgtgagtatc,0.213333333333333
gcaatgtgagtatct,0.213333333333333
caatgtgagtatctt,0.213333333333333
aatgtgagtatcttg,0.253333333333333
atgtgagtatcttgc,0.253333333333333
tgtgagtatcttgcc,0.28
gtgagtatcttgccg,0.28
tgagtatcttgccgt,0.28
gagtatcttgccgtg,0.28
agtatcttgccgtgg,0.266666666666667
gtatcttgccgtggt,0.266666666666667
tatcttgccgtggtc,0.293333333333333
atcttgccgtggtca,0.293333333333333
tcttgccgtggtcaa,0.293333333333333
cttgccgtggtcaac,0.293333333333333
ttgccgtggtcaacg,0.293333333333333
tgccgtggtcaacgg,0.293333333333333
gccgtggtcaacgga,0.293333333333333
ccgtggtcaacggac,0.293333333333333
cgtggtcaacggact,0.333333333333333
gtggtcaacggacta,0.333333333333333
tggtcaacggactat,0.333333333333333
ggtcaacggactata,0.333333333333333
gtcaacggactatag,0.333333333333333
tcaacggactatagt,0.373333333333333
caacggactatagtc,0.373333333333333
aacggactatagtca,0.373333333333333
acggactatagtcac,0.373333333333333
cggactatagtcact,0.373333333333333
ggactatagtcactc,0.373333333333333
gactatagtcactcc,0.346666666666667
actatagtcactccc,0.293333333333333
ctatagtcactccct,0.266666666666667
tatagtcactcccta,0.266666666666667
atagtcactccctaa,0.266666666666667
tagtcactccctaag,0.266666666666667
agtcactccctaaga,0.266666666666667
gtcactccctaagag,0.266666666666667
tcactccctaagagc,0.266666666666667
cactccctaagagcg,0.266666666666667
actccctaagagcga,0.266666666666667
ctccctaagagcgat,0.266666666666667
tccctaagagcgata,0.266666666666667
ccctaagagcgatag,0.2
cctaagagcgataga,0.133333333333333
ctaagagcgatagag,0.133333333333333
taagagcgatagagg,0.133333333333333
aagagcgatagaggg,0.133333333333333
agagcgatagaggga,0.2
gagcgatagagggat,0.2
agcgatagagggatt,0.226666666666667
gcgatagagggattg,0.226666666666667
cgatagagggattgt,0.253333333333333
gatagagggattgtg,0.32
atagagggattgtga,0.32
tagagggattgtgat,0.32
agagggattgtgata,0.32
gagggattgtgataa,0.32
agggattgtgataag,0.32
gggattgtgataagc,0.32
ggattgtgataagcc,0.32
gattgtgataagcca,0.253333333333333
attgtgataagccag,0.226666666666667
ttgtgataagccagc,0.226666666666667
tgtgataagccagct,0.2
gtgataagccagctc,0.2
tgataagccagctct,0.133333333333333
gataagccagctcta,0.133333333333333
ataagccagctctaa,0.133333333333333
taagccagctctaaa,0.133333333333333
aagccagctctaaaa,0.133333333333333
agccagctctaaaaa,0.133333333333333
gccagctctaaaaat,0.133333333333333
ccagctctaaaaata,0.133333333333333
cagctctaaaaatag,0.133333333333333
agctctaaaaatagg,0.133333333333333
gctctaaaaataggt,0.133333333333333
ctctaaaaataggtt,0.133333333333333
tctaaaaataggttt,0.146666666666667
ctaaaaataggtttg,0.146666666666667
taaaaataggtttgt,0.213333333333333
aaaaataggtttgta,0.213333333333333
aaaataggtttgtag,0.213333333333333
aaataggtttgtagt,0.24
aataggtttgtagta,0.24
ataggtttgtagtat,0.24
taggtttgtagtata,0.24
aggtttgtagtataa,0.24
ggtttgtagtataag,0.24
gtttgtagtataagg,0.24
tttgtagtataaggc,0.24
ttgtagtataaggca,0.2
tgtagtataaggcaa,0.2
gtagtataaggcaat,0.16
tagtataaggcaatg,0.16
agtataaggcaatga,0.146666666666667
gtataaggcaatgaa,0.146666666666667
tataaggcaatgaaa,0.133333333333333
ataaggcaatgaaac,0.133333333333333
taaggcaatgaaacc,0.133333333333333
aaggcaatgaaaccc,0.2
aggcaatgaaaccct,0.2
ggcaatgaaaccctc,0.2
gcaatgaaaccctct,0.2
caatgaaaccctctc,0.2
aatgaaaccctctca,0.2
atgaaaccctctcac,0.2
tgaaaccctctcaca,0.2
gaaaccctctcacat,0.2
aaaccctctcacatc,0.213333333333333
aaccctctcacatcg,0.28
accctctcacatcga,0.28
ccctctcacatcgag,0.293333333333333
cctctcacatcgagg,0.293333333333333
ctctcacatcgaggt,0.293333333333333
tctcacatcgaggtt,0.293333333333333
ctcacatcgaggttt,0.293333333333333
tcacatcgaggtttt,0.293333333333333
cacatcgaggttttc,0.293333333333333
acatcgaggttttcc,0.293333333333333
catcgaggttttccg,0.226666666666667
atcgaggttttccgg,0.226666666666667
tcgaggttttccggc,0.226666666666667
cgaggttttccggct,0.226666666666667
gaggttttccggctg,0.226666666666667
aggttttccggctgc,0.226666666666667
ggttttccggctgct,0.226666666666667
gttttccggctgctg,0.226666666666667
ttttccggctgctgg,0.213333333333333
tttccggctgctggc,0.213333333333333
ttccggctgctggcc,0.28
tccggctgctggccc,0.346666666666667
ccggctgctggccca,0.346666666666667
cggctgctggcccat,0.346666666666667
ggctgctggcccatt,0.346666666666667
gctgctggcccatta,0.32
ctgctggcccattag,0.32
tgctggcccattaga,0.28
gctggcccattagaa,0.28
ctggcccattagaaa,0.28
tggcccattagaaaa,0.28
ggcccattagaaaat,0.213333333333333
gcccattagaaaatt,0.2
cccattagaaaattg,0.2
ccattagaaaattgt,0.2
cattagaaaattgta,0.2
attagaaaattgtag,0.2
ttagaaaattgtagg,0.2
tagaaaattgtaggt,0.2
agaaaattgtaggta,0.2
gaaaattgtaggtat,0.2
aaaattgtaggtatt,0.2
aaattgtaggtattc,0.226666666666667
aattgtaggtattct,0.226666666666667
attgtaggtattctc,0.226666666666667
ttgtaggtattctcc,0.226666666666667
tgtaggtattctcca,0.226666666666667
gtaggtattctccaa,0.226666666666667
taggtattctccaat,0.226666666666667
aggtattctccaatt,0.226666666666667
ggtattctccaattt,0.226666666666667
gtattctccaatttc,0.213333333333333
tattctccaatttca,0.213333333333333
attctccaatttcat,0.226666666666667
ttctccaatttcatg,0.293333333333333
tctccaatttcatga,0.293333333333333
ctccaatttcatgag,0.293333333333333
tccaatttcatgagc,0.293333333333333
ccaatttcatgagct,0.293333333333333
caatttcatgagctc,0.293333333333333
aatttcatgagctca,0.293333333333333
atttcatgagctcat,0.293333333333333
tttcatgagctcatg,0.28
ttcatgagctcatgc,0.28
tcatgagctcatgcc,0.266666666666667
catgagctcatgcca,0.266666666666667
atgagctcatgccat,0.266666666666667
tgagctcatgccatc,0.266666666666667
gagctcatgccatcc,0.266666666666667
agctcatgccatcct,0.24
gctcatgccatcctt,0.24
ctcatgccatccttg,0.24
tcatgccatccttga,0.24
catgccatccttgag,0.2
atgccatccttgagg,0.2
tgccatccttgaggg,0.2
gccatccttgaggga,0.2
ccatccttgagggat,0.2
catccttgagggatt,0.226666666666667
atccttgagggattc,0.293333333333333
tccttgagggattca,0.293333333333333
ccttgagggattcac,0.293333333333333
cttgagggattcaca,0.293333333333333
ttgagggattcacac,0.293333333333333
tgagggattcacact,0.293333333333333
gagggattcacactg,0.293333333333333
agggattcacactgc,0.293333333333333
gggattcacactgcg,0.293333333333333
ggattcacactgcgg,0.293333333333333
gattcacactgcggt,0.306666666666667
attcacactgcggtc,0.373333333333333
ttcacactgcggtca,0.373333333333333
tcacactgcggtcaa,0.373333333333333
cacactgcggtcaac,0.373333333333333
acactgcggtcaacc,0.373333333333333
cactgcggtcaacct,0.373333333333333
actgcggtcaacctg,0.373333333333333
ctgcggtcaacctgc,0.306666666666667
tgcggtcaacctgcc,0.24
gcggtcaacctgccg,0.226666666666667
cggtcaacctgccgg,0.226666666666667
ggtcaacctgccggc,0.213333333333333
gtcaacctgccggca,0.2
tcaacctgccggcaa,0.173333333333333
caacctgccggcaag,0.173333333333333
aacctgccggcaaga,0.173333333333333
acctgccggcaagat,0.173333333333333
cctgccggcaagata,0.173333333333333
ctgccggcaagatag,0.16
tgccggcaagatagc,0.16
gccggcaagatagcc,0.133333333333333
ccggcaagatagcct,0.146666666666667
cggcaagatagccta,0.146666666666667
ggcaagatagcctac,0.16
gcaagatagcctaca,0.16
caagatagcctacaa,0.16
aagatagcctacaac,0.16
agatagcctacaaca,0.16
gatagcctacaacag,0.16
atagcctacaacagg,0.16
tagcctacaacaggc,0.16
agcctacaacaggca,0.16
gcctacaacaggcac,0.16
cctacaacaggcacc,0.16
ctacaacaggcaccg,0.16
tacaacaggcaccgc,0.16
acaacaggcaccgcg,0.186666666666667
caacaggcaccgcgt,0.253333333333333
aacaggcaccgcgtt,0.253333333333333
acaggcaccgcgttg,0.253333333333333
caggcaccgcgttga,0.253333333333333
aggcaccgcgttgaa,0.253333333333333
ggcaccgcgttgaaa,0.253333333333333
gcaccgcgttgaaat,0.24
caccgcgttgaaatg,0.226666666666667
accgcgttgaaatgg,0.226666666666667
ccgcgttgaaatgga,0.213333333333333
cgcgttgaaatggat,0.213333333333333
gcgttgaaatggatc,0.2
cgttgaaatggatct,0.226666666666667
gttgaaatggatctc,0.226666666666667
ttgaaatggatctcc,0.24
tgaaatggatctcct,0.24
gaaatggatctcctt,0.253333333333333
aaatggatctcctta,0.253333333333333
aatggatctccttag,0.253333333333333
atggatctccttaga,0.253333333333333
tggatctccttagaa,0.253333333333333
ggatctccttagaat,0.253333333333333
gatctccttagaata,0.213333333333333
atctccttagaatat,0.213333333333333
tctccttagaatatt,0.213333333333333
ctccttagaatattg,0.213333333333333
tccttagaatattgg,0.213333333333333
ccttagaatattgga,0.213333333333333
cttagaatattggac,0.266666666666667
ttagaatattggact,0.333333333333333
tagaatattggactt,0.4
agaatattggacttc,0.466666666666667
gaatattggacttcg,0.533333333333333
aatattggacttcgt,0.6
atattggacttcgtg,0.666666666666667
tattggacttcgtgt,0.733333333333333
attggacttcgtgtc,0.8
ttggacttcgtgtcc,0.866666666666667
tggacttcgtgtccc,0.933333333333333
ggacttcgtgtcccc,1
gacttcgtgtccccc,0.933333333333333
acttcgtgtccccca,0.866666666666667
cttcgtgtcccccaa,0.8
ttcgtgtcccccaag,0.733333333333333
tcgtgtcccccaaga,0.666666666666667
cgtgtcccccaagaa,0.6
gtgtcccccaagaac,0.533333333333333
tgtcccccaagaacg,0.466666666666667
gtcccccaagaacgc,0.4
tcccccaagaacgca,0.333333333333333
cccccaagaacgcat,0.266666666666667
ccccaagaacgcatt,0.266666666666667
cccaagaacgcattg,0.2
ccaagaacgcattga,0.146666666666667
caagaacgcattgag,0.146666666666667
aagaacgcattgagc,0.146666666666667
agaacgcattgagct,0.16
gaacgcattgagcta,0.16
aacgcattgagctat,0.16
acgcattgagctatt,0.16
cgcattgagctatta,0.16
gcattgagctattac,0.16
cattgagctattaca,0.16
attgagctattacat,0.16
ttgagctattacatc,0.213333333333333
tgagctattacatct,0.213333333333333
gagctattacatctt,0.226666666666667
agctattacatcttc,0.266666666666667
gctattacatcttct,0.266666666666667
ctattacatcttctg,0.293333333333333
tattacatcttctgg,0.293333333333333
attacatcttctggc,0.306666666666667
ttacatcttctggct,0.306666666666667
tacatcttctggctc,0.32
acatcttctggctca,0.32
catcttctggctcag,0.32
atcttctggctcagg,0.32
tcttctggctcaggg,0.32
cttctggctcagggt,0.32
ttctggctcagggtc,0.266666666666667
tctggctcagggtca,0.266666666666667
ctggctcagggtcat,0.266666666666667
tggctcagggtcatt,0.266666666666667
ggctcagggtcatta,0.266666666666667
gctcagggtcattaa,0.24
ctcagggtcattaat,0.24
tcagggtcattaata,0.24
cagggtcattaatac,0.213333333333333
agggtcattaatact,0.213333333333333
gggtcattaatactc,0.213333333333333
ggtcattaatactcc,0.213333333333333
gtcattaatactccc,0.266666666666667
tcattaatactccca,0.266666666666667
cattaatactcccaa,0.266666666666667
attaatactcccaat,0.266666666666667
ttaatactcccaatc,0.266666666666667
taatactcccaatcc,0.266666666666667
aatactcccaatcct,0.266666666666667
atactcccaatcctg,0.266666666666667
tactcccaatcctgc,0.266666666666667
actcccaatcctgcg,0.266666666666667
ctcccaatcctgcgc,0.266666666666667
tcccaatcctgcgct,0.266666666666667
cccaatcctgcgcta,0.213333333333333
ccaatcctgcgctac,0.213333333333333
caatcctgcgctacg,0.213333333333333
aatcctgcgctacgt,0.28
atcctgcgctacgta,0.28
tcctgcgctacgtat,0.293333333333333
cctgcgctacgtata,0.293333333333333
ctgcgctacgtatat,0.293333333333333
tgcgctacgtatatt,0.293333333333333
gcgctacgtatattc,0.293333333333333
cgctacgtatattct,0.293333333333333
gctacgtatattctg,0.293333333333333
ctacgtatattctgc,0.293333333333333
tacgtatattctgcg,0.226666666666667
acgtatattctgcgc,0.226666666666667
cgtatattctgcgcg,0.226666666666667
gtatattctgcgcga,0.226666666666667
tatattctgcgcgac,0.24
atattctgcgcgact,0.266666666666667
tattctgcgcgactc,0.266666666666667
attctgcgcgactcc,0.32
ttctgcgcgactcca,0.32
tctgcgcgactccat,0.32
ctgcgcgactccata,0.32
tgcgcgactccatac,0.293333333333333
gcgcgactccatacg,0.293333333333333
cgcgactccatacgt,0.293333333333333
gcgactccatacgtg,0.293333333333333
cgactccatacgtgc,0.293333333333333
gactccatacgtgca,0.293333333333333
actccatacgtgcac,0.28
ctccatacgtgcact,0.28
tccatacgtgcactg,0.28
ccatacgtgcactga,0.28
catacgtgcactgat,0.28
atacgtgcactgatt,0.28
tacgtgcactgattt,0.28
acgtgcactgatttg,0.266666666666667
cgtgcactgatttgt,0.266666666666667
gtgcactgatttgtg,0.306666666666667
tgcactgatttgtgt,0.373333333333333
gcactgatttgtgta,0.373333333333333
cactgatttgtgtaa,0.373333333333333
actgatttgtgtaac,0.373333333333333
ctgatttgtgtaact,0.373333333333333
tgatttgtgtaacta,0.373333333333333
gatttgtgtaactat,0.373333333333333
atttgtgtaactatc,0.346666666666667
tttgtgtaactatca,0.346666666666667
ttgtgtaactatcac,0.293333333333333
tgtgtaactatcaca,0.266666666666667
gtgtaactatcacag,0.266666666666667
tgtaactatcacagt,0.226666666666667
gtaactatcacagtg,0.226666666666667
taactatcacagtga,0.226666666666667
aactatcacagtgat,0.226666666666667
actatcacagtgata,0.226666666666667
ctatcacagtgatac,0.2
tatcacagtgatacc,0.24
atcacagtgataccc,0.306666666666667
tcacagtgataccct,0.306666666666667
cacagtgataccctc,0.306666666666667
acagtgataccctcc,0.306666666666667
cagtgataccctccc,0.306666666666667
agtgataccctcccc,0.333333333333333
gtgataccctccccg,0.333333333333333
tgataccctccccga,0.333333333333333
gataccctccccgac,0.333333333333333
ataccctccccgaca,0.333333333333333
taccctccccgacaa,0.333333333333333
accctccccgacaac,0.333333333333333
ccctccccgacaact,0.333333333333333
cctccccgacaactt,0.333333333333333
ctccccgacaacttc,0.333333333333333
tccccgacaacttcg,0.4
ccccgacaacttcgt,0.466666666666667
cccgacaacttcgtc,0.466666666666667
ccgacaacttcgtct,0.48
cgacaacttcgtctg,0.48
gacaacttcgtctgg,0.48
acaacttcgtctggt,0.48
caacttcgtctggtc,0.48
aacttcgtctggtcc,0.48
acttcgtctggtccc,0.48
cttcgtctggtcccg,0.413333333333333
ttcgtctggtcccgt,0.373333333333333
tcgtctggtcccgtt,0.373333333333333
cgtctggtcccgtta,0.373333333333333
gtctggtcccgttag,0.36
tctggtcccgttagc,0.36
ctggtcccgttagct,0.333333333333333
tggtcccgttagctc,0.333333333333333
ggtcccgttagctcc,0.333333333333333
gtcccgttagctccc,0.333333333333333
tcccgttagctcccc,0.333333333333333
cccgttagctccccc,0.333333333333333
ccgttagctcccccc,0.333333333333333
cgttagctccccccg,0.333333333333333
gttagctccccccga,0.333333333333333
ttagctccccccgaa,0.333333333333333
tagctccccccgaaa,0.333333333333333
agctccccccgaaaa,0.333333333333333
gctccccccgaaaat,0.333333333333333
ctccccccgaaaatt,0.333333333333333
tccccccgaaaattt,0.333333333333333
ccccccgaaaatttg,0.266666666666667
cccccgaaaatttgc,0.266666666666667
ccccgaaaatttgcg,0.266666666666667
cccgaaaatttgcgg,0.2
ccgaaaatttgcggg,0.186666666666667
cgaaaatttgcggga,0.2
gaaaatttgcgggaa,0.2
aaaatttgcgggaac,0.2
aaatttgcgggaaca,0.2
aatttgcgggaacac,0.2
atttgcgggaacacc,0.2
tttgcgggaacaccg,0.2
ttgcgggaacaccgt,0.253333333333333
tgcgggaacaccgtt,0.253333333333333
gcgggaacaccgttc,0.28
cgggaacaccgttcc,0.346666666666667
gggaacaccgttccc,0.413333333333333
ggaacaccgttccct,0.413333333333333
gaacaccgttcccta,0.4
aacaccgttccctac,0.386666666666667
acaccgttccctact,0.386666666666667
caccgttccctacta,0.36
accgttccctactag,0.36
ccgttccctactaga,0.36
cgttccctactagat,0.36
gttccctactagatc,0.293333333333333
ttccctactagatct,0.266666666666667
tccctactagatctc,0.266666666666667
ccctactagatctct,0.2
cctactagatctctc,0.2
ctactagatctctcc,0.266666666666667
tactagatctctcct,0.266666666666667
actagatctctccta,0.266666666666667
ctagatctctcctat,0.24
tagatctctcctatt,0.24
agatctctcctattt,0.24
gatctctcctattta,0.24
atctctcctatttag,0.24
tctctcctatttagt,0.24
ctctcctatttagtg,0.293333333333333
tctcctatttagtgt,0.36
ctcctatttagtgtg,0.36
tcctatttagtgtgt,0.36
cctatttagtgtgtg,0.36
ctatttagtgtgtgg,0.36
tatttagtgtgtggt,0.36
atttagtgtgtggta,0.36
tttagtgtgtggtag,0.346666666666667
ttagtgtgtggtagg,0.346666666666667
tagtgtgtggtaggt,0.28
agtgtgtggtaggtc,0.266666666666667
gtgtgtggtaggtct,0.266666666666667
tgtgtggtaggtctg,0.266666666666667
gtgtggtaggtctgg,0.266666666666667
tgtggtaggtctgga,0.213333333333333
gtggtaggtctggag,0.213333333333333
tggtaggtctggagg,0.213333333333333
ggtaggtctggaggc,0.213333333333333
gtaggtctggaggcg,0.213333333333333
taggtctggaggcgc,0.213333333333333
aggtctggaggcgca,0.213333333333333
ggtctggaggcgcaa,0.213333333333333
gtctggaggcgcaat,0.2
tctggaggcgcaatc,0.2
ctggaggcgcaatcg,0.2
tggaggcgcaatcgg,0.2
ggaggcgcaatcggt,0.226666666666667
gaggcgcaatcggtc,0.293333333333333
aggcgcaatcggtca,0.293333333333333
ggcgcaatcggtcaa,0.293333333333333
gcgcaatcggtcaaa,0.293333333333333
cgcaatcggtcaaac,0.293333333333333
gcaatcggtcaaact,0.293333333333333
caatcggtcaaacta,0.293333333333333
aatcggtcaaactat,0.293333333333333
atcggtcaaactata,0.293333333333333
tcggtcaaactataa,0.293333333333333
cggtcaaactataag,0.226666666666667
ggtcaaactataagc,0.2
gtcaaactataagcg,0.2
tcaaactataagcgc,0.2
caaactataagcgcc,0.2
aaactataagcgccg,0.2
aactataagcgccgg,0.2
actataagcgccggg,0.2
ctataagcgccggga,0.2
tataagcgccgggag,0.2
ataagcgccgggagc,0.2
taagcgccgggagcg,0.2
aagcgccgggagcgc,0.2
agcgccgggagcgct,0.2
gcgccgggagcgctg,0.2
cgccgggagcgctga,0.2
gccgggagcgctgat,0.2
ccgggagcgctgatg,0.2
cgggagcgctgatgc,0.2
gggagcgctgatgcg,0.2
ggagcgctgatgcgc,0.2
gagcgctgatgcgcc,0.173333333333333
agcgctgatgcgcca,0.173333333333333
gcgctgatgcgccac,0.173333333333333
cgctgatgcgccaca,0.173333333333333
gctgatgcgccacac,0.173333333333333
ctgatgcgccacacc,0.173333333333333
tgatgcgccacaccc,0.2
gatgcgccacacccg,0.2
atgcgccacacccgg,0.2
tgcgccacacccggg,0.2
gcgccacacccgggc,0.2
cgccacacccgggcg,0.2
gccacacccgggcgc,0.2
ccacacccgggcgca,0.2
cacacccgggcgcaa,0.2
acacccgggcgcaag,0.2
cacccgggcgcaagt,0.2
acccgggcgcaagtg,0.2
cccgggcgcaagtga,0.2
ccgggcgcaagtgac,0.213333333333333
cgggcgcaagtgacc,0.28
gggcgcaagtgacca,0.28
ggcgcaagtgaccac,0.293333333333333
gcgcaagtgaccact,0.293333333333333
cgcaagtgaccacta,0.293333333333333
gcaagtgaccactat,0.293333333333333
caagtgaccactata,0.293333333333333
aagtgaccactataa,0.293333333333333
agtgaccactataaa,0.293333333333333
gtgaccactataaaa,0.293333333333333
tgaccactataaaaa,0.226666666666667
gaccactataaaaaa,0.2
accactataaaaaac,0.2
ccactataaaaaact,0.2
cactataaaaaactc,0.2
actataaaaaactcc,0.213333333333333
ctataaaaaactcct,0.213333333333333
tataaaaaactcctc,0.213333333333333
ataaaaaactcctct,0.213333333333333
taaaaaactcctcta,0.213333333333333
aaaaaactcctctat,0.213333333333333
aaaaactcctctatg,0.213333333333333
aaaactcctctatgg,0.213333333333333
aaactcctctatggt,0.213333333333333
aactcctctatggta,0.213333333333333
actcctctatggtac,0.213333333333333
ctcctctatggtacc,0.213333333333333
tcctctatggtacct,0.213333333333333
cctctatggtaccta,0.213333333333333
ctctatggtacctag,0.213333333333333
tctatggtacctaga,0.213333333333333
ctatggtacctagaa,0.213333333333333
tatggtacctagaaa,0.213333333333333
atggtacctagaaaa,0.213333333333333
tggtacctagaaaac,0.213333333333333
ggtacctagaaaacc,0.213333333333333
gtacctagaaaacca,0.213333333333333
tacctagaaaaccag,0.16
acctagaaaaccagc,0.16
cctagaaaaccagcc,0.133333333333333
ctagaaaaccagcca,0.133333333333333
tagaaaaccagccag,0.133333333333333
agaaaaccagccagg,0.133333333333333
gaaaaccagccaggg,0.133333333333333
aaaaccagccagggg,0.133333333333333
aaaccagccaggggg,0.133333333333333
aaccagccagggggc,0.146666666666667
accagccagggggca,0.146666666666667
ccagccagggggcat,0.16
cagccagggggcata,0.16
agccagggggcataa,0.16
gccagggggcataag,0.16
ccagggggcataagt,0.16
cagggggcataagtt,0.16
agggggcataagttt,0.16
gggggcataagtttt,0.16
ggggcataagttttc,0.2
gggcataagttttca,0.2
ggcataagttttcag,0.2
gcataagttttcagc,0.2
cataagttttcagcg,0.2
ataagttttcagcgt,0.24
taagttttcagcgtt,0.24
aagttttcagcgtta,0.24
agttttcagcgttaa,0.24
gttttcagcgttaac,0.24
ttttcagcgttaact,0.24
tttcagcgttaactg,0.24
ttcagcgttaactga,0.24
tcagcgttaactgag,0.2
cagcgttaactgagc,0.2
agcgttaactgagcc,0.2
gcgttaactgagccg,0.2
cgttaactgagccgt,0.2
gttaactgagccgtt,0.2
ttaactgagccgttt,0.213333333333333
taactgagccgtttg,0.213333333333333
aactgagccgtttgg,0.213333333333333
actgagccgtttgga,0.213333333333333
ctgagccgtttggaa,0.213333333333333
tgagccgtttggaat,0.213333333333333
gagccgtttggaata,0.213333333333333
agccgtttggaatac,0.226666666666667
gccgtttggaatact,0.226666666666667
ccgtttggaatacta,0.226666666666667
cgtttggaatactaa,0.226666666666667
gtttggaatactaag,0.226666666666667
tttggaatactaagc,0.226666666666667
ttggaatactaagct,0.226666666666667
tggaatactaagctg,0.226666666666667
ggaatactaagctga,0.226666666666667
gaatactaagctgac,0.2
aatactaagctgacc,0.266666666666667
atactaagctgaccc,0.333333333333333
tactaagctgaccca,0.333333333333333
actaagctgacccac,0.333333333333333
ctaagctgacccact,0.28
taagctgacccacta,0.28
aagctgacccactaa,0.28
agctgacccactaag,0.28
gctgacccactaaga,0.28
ctgacccactaagaa,0.28
tgacccactaagaaa,0.28
gacccactaagaaat,0.213333333333333
acccactaagaaata,0.2
cccactaagaaatag,0.2
ccactaagaaataga,0.2
cactaagaaatagaa,0.2
actaagaaatagaat,0.2
ctaagaaatagaatt,0.213333333333333
taagaaatagaatta,0.213333333333333
aagaaatagaattag,0.226666666666667
agaaatagaattagt,0.293333333333333
gaaatagaattagtt,0.293333333333333
aaatagaattagtta,0.293333333333333
aatagaattagttat,0.293333333333333
atagaattagttata,0.293333333333333
tagaattagttatac,0.293333333333333
agaattagttatacg,0.293333333333333
gaattagttatacgc,0.293333333333333
aattagttatacgca,0.226666666666667
attagttatacgcaa,0.213333333333333
ttagttatacgcaag,0.213333333333333
tagttatacgcaagg,0.146666666666667
agttatacgcaaggc,0.146666666666667
gttatacgcaaggca,0.146666666666667
ttatacgcaaggcag,0.146666666666667
tatacgcaaggcagt,0.146666666666667
atacgcaaggcagtt,0.173333333333333
tacgcaaggcagttc,0.24
acgcaaggcagttca,0.24
cgcaaggcagttcaa,0.24
gcaaggcagttcaac,0.24
caaggcagttcaacc,0.24
aaggcagttcaaccc,0.24
aggcagttcaacccc,0.266666666666667
ggcagttcaaccccc,0.266666666666667
gcagttcaacccccg,0.266666666666667
cagttcaacccccgt,0.266666666666667
agttcaacccccgtc,0.266666666666667
gttcaacccccgtcc,0.266666666666667
ttcaacccccgtcct,0.266666666666667
tcaacccccgtccta,0.266666666666667
caacccccgtcctag,0.266666666666667
aacccccgtcctagt,0.266666666666667
acccccgtcctagtc,0.266666666666667
cccccgtcctagtcc,0.32
ccccgtcctagtcca,0.32
cccgtcctagtccaa,0.32
ccgtcctagtccaac,0.32
cgtcctagtccaact,0.32
gtcctagtccaactg,0.306666666666667
tcctagtccaactgg,0.306666666666667
cctagtccaactggc,0.266666666666667
ctagtccaactggca,0.266666666666667
tagtccaactggcaa,0.266666666666667
agtccaactggcaaa,0.266666666666667
gtccaactggcaaag,0.266666666666667
tccaactggcaaagg,0.2
ccaactggcaaaggc,0.2
caactggcaaaggca,0.2
aactggcaaaggcac,0.2
actggcaaaggcaca,0.2
ctggcaaaggcacaa,0.16
tggcaaaggcacaac,0.16
ggcaaaggcacaact,0.2
gcaaaggcacaactc,0.2
caaaggcacaactcc,0.213333333333333
aaaggcacaactccc,0.266666666666667
aaggcacaactcccc,0.333333333333333
aggcacaactcccca,0.333333333333333
ggcacaactccccac,0.333333333333333
gcacaactccccacg,0.333333333333333
cacaactccccacgg,0.333333333333333
acaactccccacgga,0.333333333333333
caactccccacggat,0.333333333333333
aactccccacggatt,0.333333333333333
actccccacggattc,0.333333333333333
ctccccacggattcc,0.333333333333333
tccccacggattccg,0.333333333333333
ccccacggattccgt,0.36
cccacggattccgta,0.36
ccacggattccgtaa,0.36
cacggattccgtaag,0.36
acggattccgtaaga,0.36
cggattccgtaagat,0.36
ggattccgtaagatc,0.36
gattccgtaagatca,0.293333333333333
attccgtaagatcac,0.226666666666667
ttccgtaagatcact,0.226666666666667
tccgtaagatcacta,0.213333333333333
ccgtaagatcactag,0.2
cgtaagatcactaga,0.2
gtaagatcactagat,0.2
taagatcactagata,0.2
aagatcactagatac,0.2
agatcactagataca,0.2
gatcactagatacat,0.2
atcactagatacata,0.2
tcactagatacataa,0.2
cactagatacataag,0.2
actagatacataagt,0.2
ctagatacataagtc,0.2
tagatacataagtcg,0.2
agatacataagtcgt,0.266666666666667
gatacataagtcgtc,0.266666666666667
atacataagtcgtcg,0.266666666666667
tacataagtcgtcgt,0.293333333333333
acataagtcgtcgtc,0.36
cataagtcgtcgtca,0.36
ataagtcgtcgtcag,0.36
taagtcgtcgtcaga,0.36
aagtcgtcgtcagat,0.36
agtcgtcgtcagatg,0.36
gtcgtcgtcagatgt,0.36
tcgtcgtcagatgtg,0.36
cgtcgtcagatgtgt,0.293333333333333
gtcgtcagatgtgtt,0.266666666666667
tcgtcagatgtgtta,0.266666666666667
cgtcagatgtgttac,0.266666666666667
gtcagatgtgttact,0.266666666666667
tcagatgtgttactt,0.266666666666667
cagatgtgttacttc,0.333333333333333
agatgtgttacttca,0.333333333333333
gatgtgttacttcat,0.346666666666667
atgtgttacttcatg,0.413333333333333
tgtgttacttcatgc,0.413333333333333
gtgttacttcatgca,0.413333333333333
tgttacttcatgcaa,0.413333333333333
gttacttcatgcaaa,0.413333333333333
ttacttcatgcaaaa,0.413333333333333
tacttcatgcaaaat,0.413333333333333
acttcatgcaaaatc,0.413333333333333
cttcatgcaaaatcc,0.346666666666667
ttcatgcaaaatccc,0.28
tcatgcaaaatccca,0.266666666666667
catgcaaaatcccac,0.266666666666667
atgcaaaatcccaca,0.266666666666667
tgcaaaatcccacaa,0.266666666666667
gcaaaatcccacaaa,0.266666666666667
caaaatcccacaaaa,0.266666666666667
aaaatcccacaaaaa,0.266666666666667
aaatcccacaaaaaa,0.266666666666667
aatcccacaaaaaat,0.266666666666667
atcccacaaaaaatt,0.266666666666667
tcccacaaaaaatta,0.266666666666667
cccacaaaaaattat,0.2
ccacaaaaaattatg,0.146666666666667
cacaaaaaattatgc,0.146666666666667
acaaaaaattatgcc,0.16
caaaaaattatgcca,0.16
aaaaaattatgccaa,0.16
aaaaattatgccaaa,0.16
aaaattatgccaaag,0.16
aaattatgccaaagc,0.16
aattatgccaaagcc,0.16
attatgccaaagcct,0.16
ttatgccaaagccta,0.16
tatgccaaagcctac,0.16
atgccaaagcctacg,0.226666666666667
tgccaaagcctacga,0.226666666666667
gccaaagcctacgat,0.226666666666667
ccaaagcctacgatt,0.226666666666667
caaagcctacgatta,0.226666666666667
aaagcctacgattac,0.226666666666667
aagcctacgattact,0.226666666666667
agcctacgattactg,0.226666666666667
gcctacgattactgt,0.253333333333333
cctacgattactgtc,0.32
ctacgattactgtca,0.32
tacgattactgtcat,0.32
acgattactgtcata,0.32
cgattactgtcatag,0.32
gattactgtcatagg,0.32
attactgtcataggt,0.293333333333333
ttactgtcataggtc,0.293333333333333
tactgtcataggtct,0.266666666666667
actgtcataggtctc,0.266666666666667
ctgtcataggtctcg,0.266666666666667
tgtcataggtctcgc,0.266666666666667
gtcataggtctcgct,0.24
tcataggtctcgctt,0.24
cataggtctcgcttt,0.24
ataggtctcgctttt,0.24
taggtctcgcttttt,0.24
aggtctcgctttttc,0.24
ggtctcgctttttcc,0.24
gtctcgctttttcct,0.226666666666667
tctcgctttttcctt,0.213333333333333
ctcgctttttcctta,0.213333333333333
tcgctttttccttaa,0.213333333333333
cgctttttccttaat,0.213333333333333
gctttttccttaatt,0.213333333333333
ctttttccttaattc,0.213333333333333
tttttccttaattcg,0.28
ttttccttaattcgg,0.28
tttccttaattcggt,0.306666666666667
ttccttaattcggta,0.306666666666667
tccttaattcggtag,0.306666666666667
ccttaattcggtagg,0.306666666666667
cttaattcggtaggc,0.306666666666667
ttaattcggtaggcc,0.306666666666667
taattcggtaggcca,0.306666666666667
aattcggtaggccac,0.306666666666667
attcggtaggccact,0.293333333333333
ttcggtaggccacta,0.293333333333333
tcggtaggccactaa,0.226666666666667
cggtaggccactaag,0.2
ggtaggccactaaga,0.2
gtaggccactaagaa,0.2
taggccactaagaac,0.2
aggccactaagaacg,0.2
ggccactaagaacgc,0.2
gccactaagaacgcc,0.2
ccactaagaacgcca,0.2
cactaagaacgccag,0.2
actaagaacgccagc,0.2
ctaagaacgccagcc,0.146666666666667
taagaacgccagcca,0.146666666666667
aagaacgccagccag,0.146666666666667
agaacgccagccagc,0.146666666666667
gaacgccagccagca,0.146666666666667
aacgccagccagcac,0.146666666666667
acgccagccagcact,0.213333333333333
cgccagccagcactc,0.213333333333333
gccagccagcactct,0.213333333333333
ccagccagcactctt,0.213333333333333
cagccagcactctta,0.213333333333333
agccagcactcttat,0.213333333333333
gccagcactcttata,0.213333333333333
ccagcactcttatag,0.213333333333333
cagcactcttatagc,0.213333333333333
agcactcttatagcg,0.213333333333333
gcactcttatagcga,0.213333333333333
cactcttatagcgag,0.2
actcttatagcgagg,0.2
ctcttatagcgaggc,0.2
tcttatagcgaggct,0.2
cttatagcgaggctt,0.226666666666667
ttatagcgaggcttg,0.226666666666667
tatagcgaggcttga,0.226666666666667
atagcgaggcttgaa,0.226666666666667
tagcgaggcttgaag,0.226666666666667
agcgaggcttgaagc,0.226666666666667
gcgaggcttgaagcc,0.226666666666667
cgaggcttgaagccc,0.226666666666667
gaggcttgaagccct,0.226666666666667
aggcttgaagccctt,0.226666666666667
ggcttgaagcccttg,0.226666666666667
gcttgaagcccttgt,0.226666666666667
cttgaagcccttgtg,0.293333333333333
ttgaagcccttgtgg,0.293333333333333
tgaagcccttgtggg,0.293333333333333
gaagcccttgtgggc,0.293333333333333
aagcccttgtgggcc,0.32
agcccttgtgggccg,0.32
gcccttgtgggccgt,0.32
cccttgtgggccgta,0.32
ccttgtgggccgtag,0.32
