Subsequence,Contains
ggagcatcggaggt,0.285714285714286
gagcatcggaggtg,0.285714285714286
agcatcggaggtga,0.228571428571429
gcatcggaggtgat,0.228571428571429
catcggaggtgatg,0.228571428571429
atcggaggtgatgg,0.228571428571429
tcggaggtgatggg,0.285714285714286
cggaggtgatgggc,0.285714285714286
ggaggtgatgggca,0.271428571428571
gaggtgatgggcag,0.271428571428571
aggtgatgggcagg,0.242857142857143
ggtgatgggcaggc,0.242857142857143
gtgatgggcaggcg,0.242857142857143
tgatgggcaggcgc,0.242857142857143
gatgggcaggcgct,0.242857142857143
atgggcaggcgctc,0.242857142857143
tgggcaggcgctca,0.242857142857143
gggcaggcgctcac,0.242857142857143
ggcaggcgctcaca,0.242857142857143
gcaggcgctcacat,0.242857142857143
caggcgctcacata,0.242857142857143
aggcgctcacataa,0.242857142857143
ggcgctcacataag,0.185714285714286
gcgctcacataagc,0.257142857142857
cgctcacataagct,0.257142857142857
gctcacataagctg,0.271428571428571
ctcacataagctga,0.285714285714286
tcacataagctgat,0.285714285714286
cacataagctgatt,0.357142857142857
acataagctgattg,0.428571428571429
cataagctgattgg,0.471428571428571
ataagctgattgga,0.471428571428571
taagctgattggat,0.471428571428571
aagctgattggatt,0.457142857142857
agctgattggattc,0.457142857142857
gctgattggattcc,0.385714285714286
ctgattggattccg,0.314285714285714
tgattggattccgt,0.3
gattggattccgtc,0.3
attggattccgtcc,0.285714285714286
ttggattccgtcca,0.285714285714286
tggattccgtccaa,0.285714285714286
ggattccgtccaat,0.285714285714286
gattccgtccaatg,0.285714285714286
attccgtccaatgt,0.285714285714286
ttccgtccaatgtc,0.285714285714286
tccgtccaatgtca,0.285714285714286
ccgtccaatgtcag,0.285714285714286
cgtccaatgtcagt,0.214285714285714
gtccaatgtcagtc,0.171428571428571
tccaatgtcagtcc,0.185714285714286
ccaatgtcagtccg,0.257142857142857
caatgtcagtccgg,0.257142857142857
aatgtcagtccggc,0.257142857142857
atgtcagtccggca,0.257142857142857
tgtcagtccggcaa,0.257142857142857
gtcagtccggcaat,0.257142857142857
tcagtccggcaatg,0.257142857142857
cagtccggcaatgt,0.242857142857143
agtccggcaatgtg,0.242857142857143
gtccggcaatgtga,0.214285714285714
tccggcaatgtgag,0.285714285714286
ccggcaatgtgagt,0.285714285714286
cggcaatgtgagta,0.285714285714286
ggcaatgtgagtat,0.285714285714286
gcaatgtgagtatc,0.285714285714286
caatgtgagtatct,0.285714285714286
aatgtgagtatctt,0.285714285714286
atgtgagtatcttg,0.285714285714286
tgtgagtatcttgc,0.285714285714286
gtgagtatcttgcc,0.285714285714286
tgagtatcttgccg,0.285714285714286
gagtatcttgccgt,0.357142857142857
agtatcttgccgtg,0.357142857142857
gtatcttgccgtgg,0.357142857142857
tatcttgccgtggt,0.357142857142857
atcttgccgtggtc,0.357142857142857
tcttgccgtggtca,0.357142857142857
cttgccgtggtcaa,0.357142857142857
ttgccgtggtcaac,0.357142857142857
tgccgtggtcaacg,0.357142857142857
gccgtggtcaacgg,0.357142857142857
ccgtggtcaacgga,0.285714285714286
cgtggtcaacggac,0.228571428571429
gtggtcaacggact,0.228571428571429
tggtcaacggacta,0.228571428571429
ggtcaacggactat,0.228571428571429
gtcaacggactata,0.228571428571429
tcaacggactatag,0.228571428571429
caacggactatagt,0.228571428571429
aacggactatagtc,0.228571428571429
acggactatagtca,0.228571428571429
cggactatagtcac,0.214285714285714
ggactatagtcact,0.214285714285714
gactatagtcactc,0.214285714285714
actatagtcactcc,0.214285714285714
ctatagtcactccc,0.214285714285714
tatagtcactccct,0.214285714285714
atagtcactcccta,0.214285714285714
tagtcactccctaa,0.214285714285714
agtcactccctaag,0.228571428571429
gtcactccctaaga,0.228571428571429
tcactccctaagag,0.228571428571429
cactccctaagagc,0.285714285714286
actccctaagagcg,0.285714285714286
ctccctaagagcga,0.285714285714286
tccctaagagcgat,0.285714285714286
ccctaagagcgata,0.285714285714286
cctaagagcgatag,0.285714285714286
ctaagagcgataga,0.285714285714286
taagagcgatagag,0.285714285714286
aagagcgatagagg,0.285714285714286
agagcgatagaggg,0.285714285714286
gagcgatagaggga,0.285714285714286
agcgatagagggat,0.214285714285714
gcgatagagggatt,0.214285714285714
cgatagagggattg,0.271428571428571
gatagagggattgt,0.271428571428571
atagagggattgtg,0.271428571428571
tagagggattgtga,0.271428571428571
agagggattgtgat,0.271428571428571
gagggattgtgata,0.271428571428571
agggattgtgataa,0.228571428571429
gggattgtgataag,0.228571428571429
ggattgtgataagc,0.228571428571429
gattgtgataagcc,0.3
attgtgataagcca,0.3
ttgtgataagccag,0.3
tgtgataagccagc,0.3
gtgataagccagct,0.3
tgataagccagctc,0.3
gataagccagctct,0.3
ataagccagctcta,0.3
taagccagctctaa,0.3
aagccagctctaaa,0.285714285714286
agccagctctaaaa,0.285714285714286
gccagctctaaaaa,0.214285714285714
ccagctctaaaaat,0.214285714285714
cagctctaaaaata,0.214285714285714
agctctaaaaatag,0.214285714285714
gctctaaaaatagg,0.157142857142857
ctctaaaaataggt,0.157142857142857
tctaaaaataggtt,0.214285714285714
ctaaaaataggttt,0.285714285714286
taaaaataggtttg,0.357142857142857
aaaaataggtttgt,0.357142857142857
aaaataggtttgta,0.357142857142857
aaataggtttgtag,0.357142857142857
aataggtttgtagt,0.357142857142857
ataggtttgtagta,0.357142857142857
taggtttgtagtat,0.357142857142857
aggtttgtagtata,0.357142857142857
ggtttgtagtataa,0.357142857142857
gtttgtagtataag,0.357142857142857
tttgtagtataagg,0.285714285714286
ttgtagtataaggc,0.214285714285714
tgtagtataaggca,0.171428571428571
gtagtataaggcaa,0.171428571428571
tagtataaggcaat,0.171428571428571
agtataaggcaatg,0.171428571428571
gtataaggcaatga,0.228571428571429
tataaggcaatgaa,0.228571428571429
ataaggcaatgaaa,0.228571428571429
taaggcaatgaaac,0.228571428571429
aaggcaatgaaacc,0.228571428571429
aggcaatgaaaccc,0.228571428571429
ggcaatgaaaccct,0.228571428571429
gcaatgaaaccctc,0.228571428571429
caatgaaaccctct,0.228571428571429
aatgaaaccctctc,0.228571428571429
atgaaaccctctca,0.214285714285714
tgaaaccctctcac,0.214285714285714
gaaaccctctcaca,0.185714285714286
aaaccctctcacat,0.185714285714286
aaccctctcacatc,0.185714285714286
accctctcacatcg,0.171428571428571
ccctctcacatcga,0.171428571428571
cctctcacatcgag,0.214285714285714
ctctcacatcgagg,0.214285714285714
tctcacatcgaggt,0.214285714285714
ctcacatcgaggtt,0.214285714285714
tcacatcgaggttt,0.285714285714286
cacatcgaggtttt,0.285714285714286
acatcgaggttttc,0.285714285714286
catcgaggttttcc,0.285714285714286
atcgaggttttccg,0.285714285714286
tcgaggttttccgg,0.285714285714286
cgaggttttccggc,0.285714285714286
gaggttttccggct,0.285714285714286
aggttttccggctg,0.285714285714286
ggttttccggctgc,0.285714285714286
gttttccggctgct,0.285714285714286
ttttccggctgctg,0.242857142857143
tttccggctgctgg,0.242857142857143
ttccggctgctggc,0.242857142857143
tccggctgctggcc,0.314285714285714
ccggctgctggccc,0.314285714285714
cggctgctggccca,0.314285714285714
ggctgctggcccat,0.314285714285714
gctgctggcccatt,0.342857142857143
ctgctggcccatta,0.342857142857143
tgctggcccattag,0.357142857142857
gctggcccattaga,0.357142857142857
ctggcccattagaa,0.357142857142857
tggcccattagaaa,0.285714285714286
ggcccattagaaaa,0.257142857142857
gcccattagaaaat,0.257142857142857
cccattagaaaatt,0.242857142857143
ccattagaaaattg,0.242857142857143
cattagaaaattgt,0.214285714285714
attagaaaattgta,0.214285714285714
ttagaaaattgtag,0.214285714285714
tagaaaattgtagg,0.214285714285714
agaaaattgtaggt,0.214285714285714
gaaaattgtaggta,0.214285714285714
aaaattgtaggtat,0.214285714285714
aaattgtaggtatt,0.214285714285714
aattgtaggtattc,0.214285714285714
attgtaggtattct,0.214285714285714
ttgtaggtattctc,0.214285714285714
tgtaggtattctcc,0.171428571428571
gtaggtattctcca,0.171428571428571
taggtattctccaa,0.171428571428571
aggtattctccaat,0.171428571428571
ggtattctccaatt,0.171428571428571
gtattctccaattt,0.214285714285714
tattctccaatttc,0.214285714285714
attctccaatttca,0.214285714285714
ttctccaatttcat,0.214285714285714
tctccaatttcatg,0.214285714285714
ctccaatttcatga,0.214285714285714
tccaatttcatgag,0.285714285714286
ccaatttcatgagc,0.357142857142857
caatttcatgagct,0.357142857142857
aatttcatgagctc,0.357142857142857
atttcatgagctca,0.357142857142857
tttcatgagctcat,0.357142857142857
ttcatgagctcatg,0.357142857142857
tcatgagctcatgc,0.357142857142857
catgagctcatgcc,0.357142857142857
atgagctcatgcca,0.357142857142857
tgagctcatgccat,0.357142857142857
gagctcatgccatc,0.285714285714286
agctcatgccatcc,0.271428571428571
gctcatgccatcct,0.271428571428571
ctcatgccatcctt,0.271428571428571
tcatgccatccttg,0.228571428571429
catgccatccttga,0.228571428571429
atgccatccttgag,0.285714285714286
tgccatccttgagg,0.285714285714286
gccatccttgaggg,0.285714285714286
ccatccttgaggga,0.285714285714286
catccttgagggat,0.285714285714286
atccttgagggatt,0.285714285714286
tccttgagggattc,0.285714285714286
ccttgagggattca,0.285714285714286
cttgagggattcac,0.285714285714286
ttgagggattcaca,0.285714285714286
tgagggattcacac,0.285714285714286
gagggattcacact,0.214285714285714
agggattcacactg,0.285714285714286
gggattcacactgc,0.285714285714286
ggattcacactgcg,0.3
gattcacactgcgg,0.3
attcacactgcggt,0.3
ttcacactgcggtc,0.3
tcacactgcggtca,0.3
cacactgcggtcaa,0.3
acactgcggtcaac,0.3
cactgcggtcaacc,0.3
actgcggtcaacct,0.3
ctgcggtcaacctg,0.228571428571429
tgcggtcaacctgc,0.228571428571429
gcggtcaacctgcc,0.228571428571429
cggtcaacctgccg,0.285714285714286
ggtcaacctgccgg,0.285714285714286
gtcaacctgccggc,0.285714285714286
tcaacctgccggca,0.285714285714286
caacctgccggcaa,0.285714285714286
aacctgccggcaag,0.285714285714286
acctgccggcaaga,0.285714285714286
cctgccggcaagat,0.285714285714286
ctgccggcaagata,0.285714285714286
tgccggcaagatag,0.285714285714286
gccggcaagatagc,0.285714285714286
ccggcaagatagcc,0.285714285714286
cggcaagatagcct,0.285714285714286
ggcaagatagccta,0.285714285714286
gcaagatagcctac,0.285714285714286
caagatagcctaca,0.285714285714286
aagatagcctacaa,0.285714285714286
agatagcctacaac,0.285714285714286
gatagcctacaaca,0.285714285714286
atagcctacaacag,0.285714285714286
tagcctacaacagg,0.285714285714286
agcctacaacaggc,0.285714285714286
gcctacaacaggca,0.214285714285714
cctacaacaggcac,0.185714285714286
ctacaacaggcacc,0.185714285714286
tacaacaggcaccg,0.214285714285714
acaacaggcaccgc,0.214285714285714
caacaggcaccgcg,0.214285714285714
aacaggcaccgcgt,0.214285714285714
acaggcaccgcgtt,0.285714285714286
caggcaccgcgttg,0.285714285714286
aggcaccgcgttga,0.285714285714286
ggcaccgcgttgaa,0.285714285714286
gcaccgcgttgaaa,0.285714285714286
caccgcgttgaaat,0.285714285714286
accgcgttgaaatg,0.285714285714286
ccgcgttgaaatgg,0.285714285714286
cgcgttgaaatgga,0.285714285714286
gcgttgaaatggat,0.285714285714286
cgttgaaatggatc,0.285714285714286
gttgaaatggatct,0.214285714285714
ttgaaatggatctc,0.214285714285714
tgaaatggatctcc,0.214285714285714
gaaatggatctcct,0.214285714285714
aaatggatctcctt,0.214285714285714
aatggatctcctta,0.214285714285714
atggatctccttag,0.228571428571429
tggatctccttaga,0.228571428571429
ggatctccttagaa,0.228571428571429
gatctccttagaat,0.228571428571429
atctccttagaata,0.228571428571429
tctccttagaatat,0.228571428571429
ctccttagaatatt,0.228571428571429
tccttagaatattg,0.228571428571429
ccttagaatattgg,0.285714285714286
cttagaatattgga,0.285714285714286
ttagaatattggac,0.285714285714286
tagaatattggact,0.285714285714286
agaatattggactt,0.285714285714286
gaatattggacttc,0.285714285714286
aatattggacttcg,0.285714285714286
atattggacttcgt,0.285714285714286
tattggacttcgtg,0.285714285714286
attggacttcgtgt,0.285714285714286
ttggacttcgtgtc,0.285714285714286
tggacttcgtgtcc,0.228571428571429
ggacttcgtgtccc,0.228571428571429
gacttcgtgtcccc,0.228571428571429
acttcgtgtccccc,0.228571428571429
cttcgtgtccccca,0.228571428571429
ttcgtgtcccccaa,0.228571428571429
tcgtgtcccccaag,0.228571428571429
cgtgtcccccaaga,0.228571428571429
gtgtcccccaagaa,0.171428571428571
tgtcccccaagaac,0.171428571428571
gtcccccaagaacg,0.157142857142857
tcccccaagaacgc,0.157142857142857
cccccaagaacgca,0.157142857142857
ccccaagaacgcat,0.157142857142857
cccaagaacgcatt,0.2
ccaagaacgcattg,0.214285714285714
caagaacgcattga,0.228571428571429
aagaacgcattgag,0.3
agaacgcattgagc,0.371428571428571
gaacgcattgagct,0.371428571428571
aacgcattgagcta,0.371428571428571
acgcattgagctat,0.371428571428571
cgcattgagctatt,0.4
gcattgagctatta,0.4
cattgagctattac,0.4
attgagctattaca,0.4
ttgagctattacat,0.385714285714286
tgagctattacatc,0.385714285714286
gagctattacatct,0.314285714285714
agctattacatctt,0.242857142857143
gctattacatcttc,0.171428571428571
ctattacatcttct,0.142857142857143
tattacatcttctg,0.214285714285714
attacatcttctgg,0.242857142857143
ttacatcttctggc,0.242857142857143
tacatcttctggct,0.242857142857143
acatcttctggctc,0.242857142857143
catcttctggctca,0.242857142857143
atcttctggctcag,0.242857142857143
tcttctggctcagg,0.242857142857143
cttctggctcaggg,0.242857142857143
ttctggctcagggt,0.242857142857143
tctggctcagggtc,0.242857142857143
ctggctcagggtca,0.242857142857143
tggctcagggtcat,0.228571428571429
ggctcagggtcatt,0.228571428571429
gctcagggtcatta,0.228571428571429
ctcagggtcattaa,0.228571428571429
tcagggtcattaat,0.2
cagggtcattaata,0.2
agggtcattaatac,0.185714285714286
gggtcattaatact,0.214285714285714
ggtcattaatactc,0.214285714285714
gtcattaatactcc,0.214285714285714
tcattaatactccc,0.214285714285714
cattaatactccca,0.214285714285714
attaatactcccaa,0.214285714285714
ttaatactcccaat,0.214285714285714
taatactcccaatc,0.214285714285714
aatactcccaatcc,0.214285714285714
atactcccaatcct,0.214285714285714
tactcccaatcctg,0.214285714285714
actcccaatcctgc,0.214285714285714
ctcccaatcctgcg,0.228571428571429
tcccaatcctgcgc,0.3
cccaatcctgcgct,0.3
ccaatcctgcgcta,0.3
caatcctgcgctac,0.3
aatcctgcgctacg,0.3
atcctgcgctacgt,0.3
tcctgcgctacgta,0.3
cctgcgctacgtat,0.3
ctgcgctacgtata,0.3
tgcgctacgtatat,0.228571428571429
gcgctacgtatatt,0.228571428571429
cgctacgtatattc,0.228571428571429
gctacgtatattct,0.228571428571429
ctacgtatattctg,0.228571428571429
tacgtatattctgc,0.228571428571429
acgtatattctgcg,0.228571428571429
cgtatattctgcgc,0.3
gtatattctgcgcg,0.3
tatattctgcgcga,0.3
atattctgcgcgac,0.3
tattctgcgcgact,0.3
attctgcgcgactc,0.3
ttctgcgcgactcc,0.3
tctgcgcgactcca,0.3
ctgcgcgactccat,0.3
tgcgcgactccata,0.228571428571429
gcgcgactccatac,0.214285714285714
cgcgactccatacg,0.214285714285714
gcgactccatacgt,0.214285714285714
cgactccatacgtg,0.214285714285714
gactccatacgtgc,0.214285714285714
actccatacgtgca,0.214285714285714
ctccatacgtgcac,0.214285714285714
tccatacgtgcact,0.214285714285714
ccatacgtgcactg,0.285714285714286
catacgtgcactga,0.357142857142857
atacgtgcactgat,0.357142857142857
tacgtgcactgatt,0.357142857142857
acgtgcactgattt,0.357142857142857
cgtgcactgatttg,0.357142857142857
gtgcactgatttgt,0.357142857142857
tgcactgatttgtg,0.357142857142857
gcactgatttgtgt,0.357142857142857
cactgatttgtgta,0.357142857142857
actgatttgtgtaa,0.357142857142857
ctgatttgtgtaac,0.285714285714286
tgatttgtgtaact,0.285714285714286
gatttgtgtaacta,0.285714285714286
atttgtgtaactat,0.285714285714286
tttgtgtaactatc,0.285714285714286
ttgtgtaactatca,0.214285714285714
tgtgtaactatcac,0.214285714285714
gtgtaactatcaca,0.214285714285714
tgtaactatcacag,0.214285714285714
gtaactatcacagt,0.214285714285714
taactatcacagtg,0.214285714285714
aactatcacagtga,0.228571428571429
actatcacagtgat,0.228571428571429
ctatcacagtgata,0.228571428571429
tatcacagtgatac,0.228571428571429
atcacagtgatacc,0.228571428571429
tcacagtgataccc,0.228571428571429
cacagtgataccct,0.228571428571429
acagtgataccctc,0.228571428571429
cagtgataccctcc,0.228571428571429
agtgataccctccc,0.228571428571429
gtgataccctcccc,0.214285714285714
tgataccctccccg,0.214285714285714
gataccctccccga,0.214285714285714
ataccctccccgac,0.214285714285714
taccctccccgaca,0.214285714285714
accctccccgacaa,0.214285714285714
ccctccccgacaac,0.214285714285714
cctccccgacaact,0.214285714285714
ctccccgacaactt,0.214285714285714
tccccgacaacttc,0.214285714285714
ccccgacaacttcg,0.214285714285714
cccgacaacttcgt,0.214285714285714
ccgacaacttcgtc,0.214285714285714
cgacaacttcgtct,0.228571428571429
gacaacttcgtctg,0.3
acaacttcgtctgg,0.371428571428571
caacttcgtctggt,0.371428571428571
aacttcgtctggtc,0.371428571428571
acttcgtctggtcc,0.371428571428571
cttcgtctggtccc,0.371428571428571
ttcgtctggtcccg,0.371428571428571
tcgtctggtcccgt,0.371428571428571
cgtctggtcccgtt,0.371428571428571
gtctggtcccgtta,0.357142857142857
tctggtcccgttag,0.371428571428571
ctggtcccgttagc,0.371428571428571
tggtcccgttagct,0.371428571428571
ggtcccgttagctc,0.371428571428571
gtcccgttagctcc,0.371428571428571
tcccgttagctccc,0.371428571428571
cccgttagctcccc,0.371428571428571
ccgttagctccccc,0.371428571428571
cgttagctcccccc,0.3
gttagctccccccg,0.228571428571429
ttagctccccccga,0.228571428571429
tagctccccccgaa,0.214285714285714
agctccccccgaaa,0.214285714285714
gctccccccgaaaa,0.214285714285714
ctccccccgaaaat,0.214285714285714
tccccccgaaaatt,0.214285714285714
ccccccgaaaattt,0.214285714285714
cccccgaaaatttg,0.285714285714286
ccccgaaaatttgc,0.285714285714286
cccgaaaatttgcg,0.285714285714286
ccgaaaatttgcgg,0.285714285714286
cgaaaatttgcggg,0.285714285714286
gaaaatttgcggga,0.285714285714286
aaaatttgcgggaa,0.285714285714286
aaatttgcgggaac,0.285714285714286
aatttgcgggaaca,0.285714285714286
atttgcgggaacac,0.285714285714286
tttgcgggaacacc,0.285714285714286
ttgcgggaacaccg,0.214285714285714
tgcgggaacaccgt,0.285714285714286
gcgggaacaccgtt,0.357142857142857
cgggaacaccgttc,0.357142857142857
gggaacaccgttcc,0.357142857142857
ggaacaccgttccc,0.357142857142857
gaacaccgttccct,0.357142857142857
aacaccgttcccta,0.357142857142857
acaccgttccctac,0.357142857142857
caccgttccctact,0.357142857142857
accgttccctacta,0.357142857142857
ccgttccctactag,0.357142857142857
cgttccctactaga,0.285714285714286
gttccctactagat,0.242857142857143
ttccctactagatc,0.257142857142857
tccctactagatct,0.257142857142857
ccctactagatctc,0.257142857142857
cctactagatctct,0.257142857142857
ctactagatctctc,0.257142857142857
tactagatctctcc,0.257142857142857
actagatctctcct,0.257142857142857
ctagatctctccta,0.185714285714286
tagatctctcctat,0.157142857142857
agatctctcctatt,0.171428571428571
gatctctcctattt,0.214285714285714
atctctcctattta,0.214285714285714
tctctcctatttag,0.228571428571429
ctctcctatttagt,0.228571428571429
tctcctatttagtg,0.228571428571429
ctcctatttagtgt,0.228571428571429
tcctatttagtgtg,0.228571428571429
cctatttagtgtgt,0.228571428571429
ctatttagtgtgtg,0.228571428571429
tatttagtgtgtgg,0.3
atttagtgtgtggt,0.3
tttagtgtgtggta,0.3
ttagtgtgtggtag,0.3
tagtgtgtggtagg,0.3
agtgtgtggtaggt,0.3
gtgtgtggtaggtc,0.3
tgtgtggtaggtct,0.3
gtgtggtaggtctg,0.3
tgtggtaggtctgg,0.3
gtggtaggtctgga,0.3
tggtaggtctggag,0.3
ggtaggtctggagg,0.3
gtaggtctggaggc,0.3
taggtctggaggcg,0.328571428571429
aggtctggaggcgc,0.328571428571429
ggtctggaggcgca,0.328571428571429
gtctggaggcgcaa,0.328571428571429
tctggaggcgcaat,0.328571428571429
ctggaggcgcaatc,0.328571428571429
tggaggcgcaatcg,0.3
ggaggcgcaatcgg,0.3
gaggcgcaatcggt,0.3
aggcgcaatcggtc,0.228571428571429
ggcgcaatcggtca,0.171428571428571
gcgcaatcggtcaa,0.171428571428571
cgcaatcggtcaaa,0.171428571428571
gcaatcggtcaaac,0.171428571428571
caatcggtcaaact,0.214285714285714
aatcggtcaaacta,0.214285714285714
atcggtcaaactat,0.214285714285714
tcggtcaaactata,0.214285714285714
cggtcaaactataa,0.214285714285714
ggtcaaactataag,0.214285714285714
gtcaaactataagc,0.228571428571429
tcaaactataagcg,0.228571428571429
caaactataagcgc,0.228571428571429
aaactataagcgcc,0.228571428571429
aactataagcgccg,0.3
actataagcgccgg,0.3
ctataagcgccggg,0.3
tataagcgccggga,0.3
ataagcgccgggag,0.3
taagcgccgggagc,0.3
aagcgccgggagcg,0.3
agcgccgggagcgc,0.3
gcgccgggagcgct,0.3
cgccgggagcgctg,0.285714285714286
gccgggagcgctga,0.285714285714286
ccgggagcgctgat,0.285714285714286
cgggagcgctgatg,0.285714285714286
gggagcgctgatgc,0.314285714285714
ggagcgctgatgcg,0.314285714285714
gagcgctgatgcgc,0.314285714285714
agcgctgatgcgcc,0.314285714285714
gcgctgatgcgcca,0.314285714285714
cgctgatgcgccac,0.314285714285714
gctgatgcgccaca,0.314285714285714
ctgatgcgccacac,0.314285714285714
tgatgcgccacacc,0.3
gatgcgccacaccc,0.3
atgcgccacacccg,0.3
tgcgccacacccgg,0.3
gcgccacacccggg,0.228571428571429
cgccacacccgggc,0.228571428571429
gccacacccgggcg,0.228571428571429
ccacacccgggcgc,0.228571428571429
cacacccgggcgca,0.228571428571429
acacccgggcgcaa,0.228571428571429
cacccgggcgcaag,0.228571428571429
acccgggcgcaagt,0.228571428571429
cccgggcgcaagtg,0.214285714285714
ccgggcgcaagtga,0.228571428571429
cgggcgcaagtgac,0.228571428571429
gggcgcaagtgacc,0.257142857142857
ggcgcaagtgacca,0.257142857142857
gcgcaagtgaccac,0.257142857142857
cgcaagtgaccact,0.257142857142857
gcaagtgaccacta,0.257142857142857
caagtgaccactat,0.257142857142857
aagtgaccactata,0.257142857142857
agtgaccactataa,0.257142857142857
gtgaccactataaa,0.242857142857143
tgaccactataaaa,0.242857142857143
gaccactataaaaa,0.214285714285714
accactataaaaaa,0.214285714285714
ccactataaaaaac,0.214285714285714
cactataaaaaact,0.214285714285714
actataaaaaactc,0.214285714285714
ctataaaaaactcc,0.214285714285714
tataaaaaactcct,0.214285714285714
ataaaaaactcctc,0.214285714285714
taaaaaactcctct,0.214285714285714
aaaaaactcctcta,0.214285714285714
aaaaactcctctat,0.214285714285714
aaaactcctctatg,0.214285714285714
aaactcctctatgg,0.228571428571429
aactcctctatggt,0.228571428571429
actcctctatggta,0.228571428571429
ctcctctatggtac,0.228571428571429
tcctctatggtacc,0.228571428571429
cctctatggtacct,0.228571428571429
ctctatggtaccta,0.228571428571429
tctatggtacctag,0.228571428571429
ctatggtacctaga,0.228571428571429
tatggtacctagaa,0.228571428571429
atggtacctagaaa,0.214285714285714
tggtacctagaaaa,0.214285714285714
ggtacctagaaaac,0.171428571428571
gtacctagaaaacc,0.171428571428571
tacctagaaaacca,0.171428571428571
acctagaaaaccag,0.171428571428571
cctagaaaaccagc,0.214285714285714
ctagaaaaccagcc,0.285714285714286
tagaaaaccagcca,0.285714285714286
agaaaaccagccag,0.285714285714286
gaaaaccagccagg,0.285714285714286
aaaaccagccaggg,0.285714285714286
aaaccagccagggg,0.285714285714286
aaccagccaggggg,0.285714285714286
accagccagggggc,0.285714285714286
ccagccagggggca,0.285714285714286
cagccagggggcat,0.285714285714286
agccagggggcata,0.285714285714286
gccagggggcataa,0.214285714285714
ccagggggcataag,0.157142857142857
cagggggcataagt,0.157142857142857
agggggcataagtt,0.214285714285714
gggggcataagttt,0.285714285714286
ggggcataagtttt,0.285714285714286
gggcataagttttc,0.285714285714286
ggcataagttttca,0.285714285714286
gcataagttttcag,0.285714285714286
cataagttttcagc,0.285714285714286
ataagttttcagcg,0.285714285714286
taagttttcagcgt,0.285714285714286
aagttttcagcgtt,0.328571428571429
agttttcagcgtta,0.328571428571429
gttttcagcgttaa,0.328571428571429
ttttcagcgttaac,0.328571428571429
tttcagcgttaact,0.328571428571429
ttcagcgttaactg,0.328571428571429
tcagcgttaactga,0.357142857142857
cagcgttaactgag,0.428571428571429
agcgttaactgagc,0.5
gcgttaactgagcc,0.571428571428571
cgttaactgagccg,0.642857142857143
gttaactgagccgt,0.714285714285714
ttaactgagccgtt,0.785714285714286
taactgagccgttt,0.857142857142857
aactgagccgtttg,0.928571428571428
actgagccgtttgg,1
ctgagccgtttgga,0.928571428571428
tgagccgtttggaa,0.857142857142857
gagccgtttggaat,0.785714285714286
agccgtttggaata,0.714285714285714
gccgtttggaatac,0.642857142857143
ccgtttggaatact,0.571428571428571
cgtttggaatacta,0.5
gtttggaatactaa,0.428571428571429
tttggaatactaag,0.357142857142857
ttggaatactaagc,0.371428571428571
tggaatactaagct,0.371428571428571
ggaatactaagctg,0.385714285714286
gaatactaagctga,0.385714285714286
aatactaagctgac,0.385714285714286
atactaagctgacc,0.385714285714286
tactaagctgaccc,0.385714285714286
actaagctgaccca,0.385714285714286
ctaagctgacccac,0.371428571428571
taagctgacccact,0.371428571428571
aagctgacccacta,0.371428571428571
agctgacccactaa,0.371428571428571
gctgacccactaag,0.371428571428571
ctgacccactaaga,0.371428571428571
tgacccactaagaa,0.3
gacccactaagaaa,0.3
acccactaagaaat,0.3
cccactaagaaata,0.3
ccactaagaaatag,0.3
cactaagaaataga,0.3
actaagaaatagaa,0.3
ctaagaaatagaat,0.228571428571429
taagaaatagaatt,0.157142857142857
aagaaatagaatta,0.142857142857143
agaaatagaattag,0.171428571428571
gaaatagaattagt,0.171428571428571
aaatagaattagtt,0.214285714285714
aatagaattagtta,0.214285714285714
atagaattagttat,0.214285714285714
tagaattagttata,0.214285714285714
agaattagttatac,0.214285714285714
gaattagttatacg,0.214285714285714
aattagttatacgc,0.214285714285714
attagttatacgca,0.214285714285714
ttagttatacgcaa,0.214285714285714
tagttatacgcaag,0.214285714285714
agttatacgcaagg,0.214285714285714
gttatacgcaaggc,0.214285714285714
ttatacgcaaggca,0.157142857142857
tatacgcaaggcag,0.157142857142857
atacgcaaggcagt,0.228571428571429
tacgcaaggcagtt,0.3
acgcaaggcagttc,0.3
cgcaaggcagttca,0.3
gcaaggcagttcaa,0.3
caaggcagttcaac,0.3
aaggcagttcaacc,0.3
aggcagttcaaccc,0.3
ggcagttcaacccc,0.3
gcagttcaaccccc,0.3
cagttcaacccccg,0.228571428571429
agttcaacccccgt,0.285714285714286
gttcaacccccgtc,0.285714285714286
ttcaacccccgtcc,0.285714285714286
tcaacccccgtcct,0.285714285714286
caacccccgtccta,0.285714285714286
aacccccgtcctag,0.285714285714286
acccccgtcctagt,0.285714285714286
cccccgtcctagtc,0.285714285714286
ccccgtcctagtcc,0.285714285714286
cccgtcctagtcca,0.285714285714286
ccgtcctagtccaa,0.285714285714286
cgtcctagtccaac,0.214285714285714
gtcctagtccaact,0.214285714285714
tcctagtccaactg,0.285714285714286
cctagtccaactgg,0.285714285714286
ctagtccaactggc,0.314285714285714
tagtccaactggca,0.314285714285714
agtccaactggcaa,0.314285714285714
gtccaactggcaaa,0.314285714285714
tccaactggcaaag,0.314285714285714
ccaactggcaaagg,0.314285714285714
caactggcaaaggc,0.314285714285714
aactggcaaaggca,0.314285714285714
actggcaaaggcac,0.314285714285714
ctggcaaaggcaca,0.242857142857143
tggcaaaggcacaa,0.214285714285714
ggcaaaggcacaac,0.157142857142857
gcaaaggcacaact,0.214285714285714
caaaggcacaactc,0.214285714285714
aaaggcacaactcc,0.214285714285714
aaggcacaactccc,0.214285714285714
aggcacaactcccc,0.214285714285714
ggcacaactcccca,0.214285714285714
gcacaactccccac,0.214285714285714
cacaactccccacg,0.214285714285714
acaactccccacgg,0.214285714285714
caactccccacgga,0.228571428571429
aactccccacggat,0.228571428571429
actccccacggatt,0.228571428571429
ctccccacggattc,0.228571428571429
tccccacggattcc,0.228571428571429
ccccacggattccg,0.271428571428571
cccacggattccgt,0.342857142857143
ccacggattccgta,0.342857142857143
cacggattccgtaa,0.342857142857143
acggattccgtaag,0.342857142857143
cggattccgtaaga,0.285714285714286
ggattccgtaagat,0.285714285714286
gattccgtaagatc,0.285714285714286
attccgtaagatca,0.285714285714286
ttccgtaagatcac,0.285714285714286
tccgtaagatcact,0.285714285714286
ccgtaagatcacta,0.285714285714286
cgtaagatcactag,0.242857142857143
gtaagatcactaga,0.242857142857143
taagatcactagat,0.242857142857143
aagatcactagata,0.242857142857143
agatcactagatac,0.242857142857143
gatcactagataca,0.242857142857143
atcactagatacat,0.242857142857143
tcactagatacata,0.242857142857143
cactagatacataa,0.242857142857143
actagatacataag,0.242857142857143
ctagatacataagt,0.185714285714286
tagatacataagtc,0.2
agatacataagtcg,0.271428571428571
gatacataagtcgt,0.342857142857143
atacataagtcgtc,0.342857142857143
tacataagtcgtcg,0.342857142857143
acataagtcgtcgt,0.342857142857143
cataagtcgtcgtc,0.314285714285714
ataagtcgtcgtca,0.314285714285714
taagtcgtcgtcag,0.314285714285714
aagtcgtcgtcaga,0.3
agtcgtcgtcagat,0.3
gtcgtcgtcagatg,0.228571428571429
tcgtcgtcagatgt,0.228571428571429
cgtcgtcagatgtg,0.228571428571429
gtcgtcagatgtgt,0.228571428571429
tcgtcagatgtgtt,0.214285714285714
cgtcagatgtgtta,0.214285714285714
gtcagatgtgttac,0.214285714285714
tcagatgtgttact,0.214285714285714
cagatgtgttactt,0.214285714285714
agatgtgttacttc,0.214285714285714
gatgtgttacttca,0.214285714285714
atgtgttacttcat,0.214285714285714
tgtgttacttcatg,0.214285714285714
gtgttacttcatgc,0.214285714285714
tgttacttcatgca,0.214285714285714
gttacttcatgcaa,0.214285714285714
ttacttcatgcaaa,0.214285714285714
tacttcatgcaaaa,0.214285714285714
acttcatgcaaaat,0.214285714285714
cttcatgcaaaatc,0.142857142857143
ttcatgcaaaatcc,0.157142857142857
tcatgcaaaatccc,0.157142857142857
catgcaaaatccca,0.157142857142857
atgcaaaatcccac,0.157142857142857
tgcaaaatcccaca,0.157142857142857
gcaaaatcccacaa,0.157142857142857
caaaatcccacaaa,0.157142857142857
aaaatcccacaaaa,0.157142857142857
aaatcccacaaaaa,0.157142857142857
aatcccacaaaaaa,0.157142857142857
atcccacaaaaaat,0.157142857142857
tcccacaaaaaatt,0.142857142857143
cccacaaaaaatta,0.142857142857143
ccacaaaaaattat,0.142857142857143
cacaaaaaattatg,0.171428571428571
acaaaaaattatgc,0.171428571428571
caaaaaattatgcc,0.214285714285714
aaaaaattatgcca,0.214285714285714
aaaaattatgccaa,0.214285714285714
aaaattatgccaaa,0.214285714285714
aaattatgccaaag,0.214285714285714
aattatgccaaagc,0.214285714285714
attatgccaaagcc,0.285714285714286
ttatgccaaagcct,0.285714285714286
tatgccaaagccta,0.285714285714286
atgccaaagcctac,0.285714285714286
tgccaaagcctacg,0.285714285714286
gccaaagcctacga,0.285714285714286
ccaaagcctacgat,0.285714285714286
caaagcctacgatt,0.285714285714286
aaagcctacgatta,0.285714285714286
aagcctacgattac,0.285714285714286
agcctacgattact,0.285714285714286
gcctacgattactg,0.285714285714286
cctacgattactgt,0.285714285714286
ctacgattactgtc,0.285714285714286
tacgattactgtca,0.285714285714286
acgattactgtcat,0.285714285714286
cgattactgtcata,0.285714285714286
gattactgtcatag,0.285714285714286
attactgtcatagg,0.285714285714286
ttactgtcataggt,0.285714285714286
tactgtcataggtc,0.285714285714286
actgtcataggtct,0.285714285714286
ctgtcataggtctc,0.214285714285714
tgtcataggtctcg,0.171428571428571
gtcataggtctcgc,0.171428571428571
tcataggtctcgct,0.171428571428571
cataggtctcgctt,0.228571428571429
ataggtctcgcttt,0.242857142857143
taggtctcgctttt,0.242857142857143
aggtctcgcttttt,0.242857142857143
ggtctcgctttttc,0.242857142857143
gtctcgctttttcc,0.242857142857143
tctcgctttttcct,0.242857142857143
ctcgctttttcctt,0.242857142857143
tcgctttttcctta,0.242857142857143
cgctttttccttaa,0.242857142857143
gctttttccttaat,0.242857142857143
ctttttccttaatt,0.228571428571429
tttttccttaattc,0.214285714285714
ttttccttaattcg,0.214285714285714
tttccttaattcgg,0.228571428571429
ttccttaattcggt,0.228571428571429
tccttaattcggta,0.228571428571429
ccttaattcggtag,0.228571428571429
cttaattcggtagg,0.242857142857143
ttaattcggtaggc,0.242857142857143
taattcggtaggcc,0.242857142857143
aattcggtaggcca,0.242857142857143
attcggtaggccac,0.242857142857143
ttcggtaggccact,0.242857142857143
tcggtaggccacta,0.242857142857143
cggtaggccactaa,0.242857142857143
ggtaggccactaag,0.3
gtaggccactaaga,0.3
taggccactaagaa,0.3
aggccactaagaac,0.3
ggccactaagaacg,0.3
gccactaagaacgc,0.3
ccactaagaacgcc,0.3
cactaagaacgcca,0.3
actaagaacgccag,0.3
ctaagaacgccagc,0.228571428571429
taagaacgccagcc,0.285714285714286
aagaacgccagcca,0.285714285714286
agaacgccagccag,0.285714285714286
gaacgccagccagc,0.285714285714286
aacgccagccagca,0.285714285714286
acgccagccagcac,0.285714285714286
cgccagccagcact,0.285714285714286
gccagccagcactc,0.285714285714286
ccagccagcactct,0.285714285714286
cagccagcactctt,0.285714285714286
agccagcactctta,0.285714285714286
gccagcactcttat,0.214285714285714
ccagcactcttata,0.214285714285714
cagcactcttatag,0.214285714285714
agcactcttatagc,0.214285714285714
gcactcttatagcg,0.214285714285714
cactcttatagcga,0.214285714285714
actcttatagcgag,0.214285714285714
ctcttatagcgagg,0.214285714285714
tcttatagcgaggc,0.228571428571429
cttatagcgaggct,0.228571428571429
ttatagcgaggctt,0.257142857142857
tatagcgaggcttg,0.257142857142857
atagcgaggcttga,0.257142857142857
tagcgaggcttgaa,0.257142857142857
agcgaggcttgaag,0.257142857142857
gcgaggcttgaagc,0.257142857142857
cgaggcttgaagcc,0.314285714285714
gaggcttgaagccc,0.314285714285714
aggcttgaagccct,0.328571428571429
ggcttgaagccctt,0.4
gcttgaagcccttg,0.4
cttgaagcccttgt,0.4
ttgaagcccttgtg,0.428571428571429
tgaagcccttgtgg,0.5
gaagcccttgtggg,0.471428571428571
aagcccttgtgggc,0.471428571428571
agcccttgtgggcc,0.471428571428571
gcccttgtgggccg,0.4
cccttgtgggccgt,0.442857142857143
ccttgtgggccgta,0.442857142857143
cttgtgggccgtag,0.442857142857143
