Subsequence,Contains
ggagcatc,0.25
gagcatcg,0.25
agcatcgg,0.25
gcatcgga,0.25
catcggag,0.25
atcggagg,0.25
tcggaggt,0.25
cggaggtg,0.25
ggaggtga,0.25
gaggtgat,0.25
aggtgatg,0.25
ggtgatgg,0.25
gtgatggg,0.25
tgatgggc,0.25
gatgggca,0.25
atgggcag,0.25
tgggcagg,0.25
gggcaggc,0.25
ggcaggcg,0.25
gcaggcgc,0.25
caggcgct,0.275
aggcgctc,0.275
ggcgctca,0.3
gcgctcac,0.3
cgctcaca,0.325
gctcacat,0.3
ctcacata,0.3
tcacataa,0.4
cacataag,0.525
acataagc,0.525
cataagct,0.525
ataagctg,0.5
taagctga,0.5
aagctgat,0.375
agctgatt,0.275
gctgattg,0.275
ctgattgg,0.275
tgattgga,0.25
gattggat,0.25
attggatt,0.25
ttggattc,0.25
tggattcc,0.25
ggattccg,0.25
gattccgt,0.275
attccgtc,0.275
ttccgtcc,0.275
tccgtcca,0.275
ccgtccaa,0.3
cgtccaat,0.3
gtccaatg,0.3
tccaatgt,0.3
ccaatgtc,0.3
caatgtca,0.25
aatgtcag,0.275
atgtcagt,0.275
tgtcagtc,0.275
gtcagtcc,0.275
tcagtccg,0.275
cagtccgg,0.25
agtccggc,0.25
gtccggca,0.25
tccggcaa,0.25
ccggcaat,0.25
cggcaatg,0.25
ggcaatgt,0.25
gcaatgtg,0.25
caatgtga,0.25
aatgtgag,0.275
atgtgagt,0.275
tgtgagta,0.275
gtgagtat,0.275
tgagtatc,0.275
gagtatct,0.25
agtatctt,0.25
gtatcttg,0.25
tatcttgc,0.25
atcttgcc,0.25
tcttgccg,0.25
cttgccgt,0.275
ttgccgtg,0.275
tgccgtgg,0.275
gccgtggt,0.275
ccgtggtc,0.275
cgtggtca,0.15
gtggtcaa,0.25
tggtcaac,0.25
ggtcaacg,0.25
gtcaacgg,0.25
tcaacgga,0.25
caacggac,0.25
aacggact,0.25
acggacta,0.375
cggactat,0.375
ggactata,0.375
gactatag,0.425
actatagt,0.425
ctatagtc,0.425
tatagtca,0.3
atagtcac,0.25
tagtcact,0.275
agtcactc,0.275
gtcactcc,0.275
tcactccc,0.375
cactccct,0.5
actcccta,0.625
ctccctaa,0.75
tccctaag,0.875
ccctaaga,1
cctaagag,0.875
ctaagagc,0.75
taagagcg,0.625
aagagcga,0.5
agagcgat,0.375
gagcgata,0.25
agcgatag,0.25
gcgataga,0.375
cgatagag,0.375
gatagagg,0.375
atagaggg,0.375
tagaggga,0.375
agagggat,0.375
gagggatt,0.25
agggattg,0.25
gggattgt,0.25
ggattgtg,0.25
gattgtga,0.25
attgtgat,0.25
ttgtgata,0.25
tgtgataa,0.375
gtgataag,0.5
tgataagc,0.5
gataagcc,0.5
ataagcca,0.5
taagccag,0.5
aagccagc,0.375
agccagct,0.25
gccagctc,0.25
ccagctct,0.275
cagctcta,0.4
agctctaa,0.525
gctctaaa,0.525
ctctaaaa,0.55
tctaaaaa,0.525
ctaaaaat,0.525
taaaaata,0.4
aaaaatag,0.275
aaaatagg,0.275
aaataggt,0.275
aataggtt,0.275
ataggttt,0.275
taggtttg,0.275
aggtttgt,0.25
ggtttgta,0.25
gtttgtag,0.25
tttgtagt,0.25
ttgtagta,0.25
tgtagtat,0.25
gtagtata,0.25
tagtataa,0.375
agtataag,0.5
gtataagg,0.5
tataaggc,0.5
ataaggca,0.5
taaggcaa,0.5
aaggcaat,0.375
aggcaatg,0.25
ggcaatga,0.3
gcaatgaa,0.3
caatgaaa,0.3
aatgaaac,0.3
atgaaacc,0.275
tgaaaccc,0.375
gaaaccct,0.5
aaaccctc,0.5
aaccctct,0.5
accctctc,0.5
ccctctca,0.5
cctctcac,0.375
ctctcaca,0.325
tctcacat,0.3
ctcacatc,0.3
tcacatcg,0.175
cacatcga,0.25
acatcgag,0.25
catcgagg,0.25
atcgaggt,0.25
tcgaggtt,0.25
cgaggttt,0.25
gaggtttt,0.25
aggttttc,0.25
ggttttcc,0.25
gttttccg,0.25
ttttccgg,0.25
tttccggc,0.25
ttccggct,0.25
tccggctg,0.25
ccggctgc,0.25
cggctgct,0.25
ggctgctg,0.25
gctgctgg,0.25
ctgctggc,0.25
tgctggcc,0.25
gctggccc,0.375
ctggccca,0.375
tggcccat,0.375
ggcccatt,0.375
gcccatta,0.375
cccattag,0.45
ccattaga,0.55
cattagaa,0.425
attagaaa,0.4
ttagaaaa,0.4
tagaaaat,0.375
agaaaatt,0.375
gaaaattg,0.275
aaaattgt,0.275
aaattgta,0.25
aattgtag,0.25
attgtagg,0.275
ttgtaggt,0.275
tgtaggta,0.275
gtaggtat,0.275
taggtatt,0.275
aggtattc,0.25
ggtattct,0.25
gtattctc,0.25
tattctcc,0.25
attctcca,0.25
ttctccaa,0.3
tctccaat,0.3
ctccaatt,0.3
tccaattt,0.3
ccaatttc,0.3
caatttca,0.25
aatttcat,0.25
atttcatg,0.15
tttcatga,0.275
ttcatgag,0.3
tcatgagc,0.3
catgagct,0.3
atgagctc,0.275
tgagctca,0.275
gagctcat,0.275
agctcatg,0.275
gctcatgc,0.275
ctcatgcc,0.275
tcatgcca,0.25
catgccat,0.275
atgccatc,0.275
tgccatcc,0.275
gccatcct,0.375
ccatcctt,0.375
catccttg,0.375
atccttga,0.375
tccttgag,0.425
ccttgagg,0.425
cttgaggg,0.3
ttgaggga,0.275
tgagggat,0.275
gagggatt,0.25
agggattc,0.25
gggattca,0.25
ggattcac,0.25
gattcaca,0.25
attcacac,0.175
ttcacact,0.275
tcacactg,0.275
cacactgc,0.275
acactgcg,0.275
cactgcgg,0.275
actgcggt,0.25
ctgcggtc,0.25
tgcggtca,0.15
gcggtcaa,0.25
cggtcaac,0.25
ggtcaacc,0.25
gtcaacct,0.375
tcaacctg,0.375
caacctgc,0.375
aacctgcc,0.375
acctgccg,0.375
cctgccgg,0.375
ctgccggc,0.25
tgccggca,0.25
gccggcaa,0.25
ccggcaag,0.375
cggcaaga,0.5
ggcaagat,0.5
gcaagata,0.5
caagatag,0.5
aagatagc,0.5
agatagcc,0.375
gatagcct,0.375
atagccta,0.5
tagcctac,0.5
agcctaca,0.5
gcctacaa,0.5
cctacaac,0.5
ctacaaca,0.375
tacaacag,0.275
acaacagg,0.275
caacaggc,0.275
aacaggca,0.275
acaggcac,0.25
caggcacc,0.25
aggcaccg,0.25
ggcaccgc,0.25
gcaccgcg,0.25
caccgcgt,0.25
accgcgtt,0.25
ccgcgttg,0.25
cgcgttga,0.25
gcgttgaa,0.25
cgttgaaa,0.25
gttgaaat,0.25
ttgaaatg,0.25
tgaaatgg,0.25
gaaatgga,0.25
aaatggat,0.25
aatggatc,0.25
atggatct,0.25
tggatctc,0.25
ggatctcc,0.25
gatctcct,0.375
atctcctt,0.375
tctcctta,0.4
ctccttag,0.525
tccttaga,0.65
ccttagaa,0.65
cttagaat,0.525
ttagaata,0.4
tagaatat,0.375
agaatatt,0.375
gaatattg,0.275
aatattgg,0.275
atattgga,0.25
tattggac,0.25
attggact,0.25
ttggactt,0.25
tggacttc,0.25
ggacttcg,0.25
gacttcgt,0.25
acttcgtg,0.25
cttcgtgt,0.25
ttcgtgtc,0.15
tcgtgtcc,0.25
cgtgtccc,0.375
gtgtcccc,0.375
tgtccccc,0.375
gtccccca,0.4
tcccccaa,0.525
cccccaag,0.65
ccccaaga,0.775
cccaagaa,0.675
ccaagaac,0.55
caagaacg,0.5
aagaacgc,0.5
agaacgca,0.375
gaacgcat,0.25
aacgcatt,0.25
acgcattg,0.15
cgcattga,0.25
gcattgag,0.275
cattgagc,0.275
attgagct,0.275
ttgagcta,0.375
tgagctat,0.375
gagctatt,0.375
agctatta,0.375
gctattac,0.375
ctattaca,0.375
tattacat,0.25
attacatc,0.25
ttacatct,0.25
tacatctt,0.25
acatcttc,0.25
catcttct,0.25
atcttctg,0.25
tcttctgg,0.25
cttctggc,0.25
ttctggct,0.25
tctggctc,0.25
ctggctca,0.275
tggctcag,0.4
ggctcagg,0.4
gctcaggg,0.4
ctcagggt,0.4
tcagggtc,0.275
cagggtca,0.25
agggtcat,0.25
gggtcatt,0.15
ggtcatta,0.25
gtcattaa,0.375
tcattaat,0.375
cattaata,0.4
attaatac,0.4
ttaatact,0.4
taatactc,0.4
aatactcc,0.275
atactccc,0.375
tactccca,0.375
actcccaa,0.425
ctcccaat,0.425
tcccaatc,0.425
cccaatcc,0.425
ccaatcct,0.375
caatcctg,0.375
aatcctgc,0.375
atcctgcg,0.375
tcctgcgc,0.375
cctgcgct,0.375
ctgcgcta,0.4
tgcgctac,0.4
gcgctacg,0.425
cgctacgt,0.425
gctacgta,0.4
ctacgtat,0.4
tacgtata,0.275
acgtatat,0.275
cgtatatt,0.275
gtatattc,0.25
tatattct,0.25
atattctg,0.25
tattctgc,0.25
attctgcg,0.25
ttctgcgc,0.25
tctgcgcg,0.25
ctgcgcga,0.25
tgcgcgac,0.25
gcgcgact,0.25
cgcgactc,0.25
gcgactcc,0.25
cgactcca,0.25
gactccat,0.275
actccata,0.4
ctccatac,0.4
tccatacg,0.425
ccatacgt,0.425
catacgtg,0.3
atacgtgc,0.275
tacgtgca,0.275
acgtgcac,0.15
cgtgcact,0.275
gtgcactg,0.275
tgcactga,0.3
gcactgat,0.3
cactgatt,0.3
actgattt,0.275
ctgatttg,0.275
tgatttgt,0.25
gatttgtg,0.25
atttgtgt,0.125
tttgtgta,0.25
ttgtgtaa,0.375
tgtgtaac,0.375
gtgtaact,0.375
tgtaacta,0.375
gtaactat,0.375
taactatc,0.375
aactatca,0.375
actatcac,0.375
ctatcaca,0.375
tatcacag,0.25
atcacagt,0.25
tcacagtg,0.25
cacagtga,0.25
acagtgat,0.25
cagtgata,0.25
agtgatac,0.25
gtgatacc,0.25
tgataccc,0.375
gataccct,0.5
ataccctc,0.5
taccctcc,0.5
accctccc,0.5
ccctcccc,0.5
cctccccg,0.375
ctccccga,0.4
tccccgac,0.4
ccccgaca,0.4
cccgacaa,0.4
ccgacaac,0.275
cgacaact,0.25
gacaactt,0.25
acaacttc,0.25
caacttcg,0.25
aacttcgt,0.25
acttcgtc,0.25
cttcgtct,0.25
ttcgtctg,0.25
tcgtctgg,0.25
cgtctggt,0.25
gtctggtc,0.25
tctggtcc,0.25
ctggtccc,0.375
tggtcccg,0.375
ggtcccgt,0.375
gtcccgtt,0.375
tcccgtta,0.375
cccgttag,0.45
ccgttagc,0.425
cgttagct,0.3
gttagctc,0.275
ttagctcc,0.275
tagctccc,0.375
agctcccc,0.375
gctccccc,0.375
ctcccccc,0.375
tccccccg,0.375
ccccccga,0.4
cccccgaa,0.525
ccccgaaa,0.525
cccgaaaa,0.55
ccgaaaat,0.425
cgaaaatt,0.3
gaaaattt,0.275
aaaatttg,0.275
aaatttgc,0.25
aatttgcg,0.25
atttgcgg,0.125
tttgcggg,0.125
ttgcggga,0.25
tgcgggaa,0.25
gcgggaac,0.25
cgggaaca,0.275
gggaacac,0.275
ggaacacc,0.275
gaacaccg,0.275
aacaccgt,0.275
acaccgtt,0.275
caccgttc,0.275
accgttcc,0.275
ccgttccc,0.375
cgttccct,0.5
gttcccta,0.625
ttccctac,0.625
tccctact,0.625
ccctacta,0.625
cctactag,0.5
ctactaga,0.425
tactagat,0.425
actagatc,0.425
ctagatct,0.425
tagatctc,0.375
agatctct,0.375
gatctctc,0.275
atctctcc,0.275
tctctcct,0.375
ctctccta,0.5
tctcctat,0.5
ctcctatt,0.5
tcctattt,0.5
cctattta,0.5
ctatttag,0.375
tatttagt,0.275
atttagtg,0.275
tttagtgt,0.275
ttagtgtg,0.275
tagtgtgt,0.25
agtgtgtg,0.25
gtgtgtgg,0.125
tgtgtggt,0.125
gtgtggta,0.25
tgtggtag,0.25
gtggtagg,0.275
tggtaggt,0.275
ggtaggtc,0.275
gtaggtct,0.275
taggtctg,0.275
aggtctgg,0.25
ggtctgga,0.25
gtctggag,0.25
tctggagg,0.25
ctggaggc,0.25
tggaggcg,0.25
ggaggcgc,0.25
gaggcgca,0.25
aggcgcaa,0.25
ggcgcaat,0.25
gcgcaatc,0.25
cgcaatcg,0.25
gcaatcgg,0.25
caatcggt,0.25
aatcggtc,0.25
atcggtca,0.15
tcggtcaa,0.25
cggtcaaa,0.275
ggtcaaac,0.275
gtcaaact,0.275
tcaaacta,0.375
caaactat,0.375
aaactata,0.375
aactataa,0.375
actataag,0.5
ctataagc,0.5
tataagcg,0.5
ataagcgc,0.5
taagcgcc,0.5
aagcgccg,0.375
agcgccgg,0.25
gcgccggg,0.25
cgccggga,0.25
gccgggag,0.25
ccgggagc,0.25
cgggagcg,0.25
gggagcgc,0.25
ggagcgct,0.275
gagcgctg,0.275
agcgctga,0.3
gcgctgat,0.3
cgctgatg,0.3
gctgatgc,0.275
ctgatgcg,0.275
tgatgcgc,0.25
gatgcgcc,0.25
atgcgcca,0.25
tgcgccac,0.25
gcgccaca,0.25
cgccacac,0.25
gccacacc,0.25
ccacaccc,0.375
cacacccg,0.375
acacccgg,0.375
cacccggg,0.375
acccgggc,0.375
cccgggcg,0.375
ccgggcgc,0.25
cgggcgca,0.15
gggcgcaa,0.25
ggcgcaag,0.375
gcgcaagt,0.375
cgcaagtg,0.375
gcaagtga,0.375
caagtgac,0.375
aagtgacc,0.375
agtgacca,0.25
gtgaccac,0.25
tgaccact,0.3
gaccacta,0.425
accactat,0.425
ccactata,0.425
cactataa,0.4
actataaa,0.375
ctataaaa,0.4
tataaaaa,0.4
ataaaaaa,0.4
taaaaaac,0.4
aaaaaact,0.275
aaaaactc,0.275
aaaactcc,0.275
aaactcct,0.375
aactcctc,0.375
actcctct,0.375
ctcctcta,0.425
tcctctat,0.425
cctctatg,0.45
ctctatgg,0.425
tctatggt,0.4
ctatggta,0.4
tatggtac,0.275
atggtacc,0.25
tggtacct,0.375
ggtaccta,0.5
gtacctag,0.5
tacctaga,0.55
acctagaa,0.55
cctagaaa,0.55
ctagaaaa,0.425
tagaaaac,0.375
agaaaacc,0.375
gaaaacca,0.275
aaaaccag,0.275
aaaccagc,0.25
aaccagcc,0.25
accagcca,0.25
ccagccag,0.25
cagccagg,0.25
agccaggg,0.25
gccagggg,0.25
ccaggggg,0.25
cagggggc,0.25
agggggca,0.25
gggggcat,0.15
ggggcata,0.275
gggcataa,0.4
ggcataag,0.525
gcataagt,0.525
cataagtt,0.525
ataagttt,0.5
taagtttt,0.5
aagttttc,0.375
agttttca,0.25
gttttcag,0.275
ttttcagc,0.275
tttcagcg,0.275
ttcagcgt,0.275
tcagcgtt,0.275
cagcgtta,0.25
agcgttaa,0.375
gcgttaac,0.375
cgttaact,0.375
gttaactg,0.375
ttaactga,0.375
taactgag,0.4
aactgagc,0.4
actgagcc,0.4
ctgagccg,0.4
tgagccgt,0.275
gagccgtt,0.275
agccgttt,0.275
gccgtttg,0.275
ccgtttgg,0.275
cgtttgga,0.25
gtttggaa,0.25
tttggaat,0.25
ttggaata,0.275
tggaatac,0.275
ggaatact,0.275
gaatacta,0.375
aatactaa,0.5
atactaag,0.625
tactaagc,0.625
actaagct,0.625
ctaagctg,0.625
taagctga,0.5
aagctgac,0.375
agctgacc,0.275
gctgaccc,0.375
ctgaccca,0.375
tgacccac,0.375
gacccact,0.375
acccacta,0.425
cccactaa,0.55
ccactaag,0.675
cactaaga,0.775
actaagaa,0.75
ctaagaaa,0.75
taagaaat,0.625
aagaaata,0.5
agaaatag,0.375
gaaataga,0.375
aaatagaa,0.375
aatagaat,0.375
atagaatt,0.375
tagaatta,0.375
agaattag,0.375
gaattagt,0.275
aattagtt,0.275
attagtta,0.275
ttagttat,0.275
tagttata,0.25
agttatac,0.25
gttatacg,0.275
ttatacgc,0.275
tatacgca,0.275
atacgcaa,0.275
tacgcaag,0.375
acgcaagg,0.375
cgcaaggc,0.375
gcaaggca,0.375
caaggcag,0.375
aaggcagt,0.375
aggcagtt,0.25
ggcagttc,0.25
gcagttca,0.25
cagttcaa,0.25
agttcaac,0.25
gttcaacc,0.25
ttcaaccc,0.375
tcaacccc,0.375
caaccccc,0.375
aacccccg,0.375
acccccgt,0.375
cccccgtc,0.375
ccccgtcc,0.375
cccgtcct,0.375
ccgtccta,0.5
cgtcctag,0.5
gtcctagt,0.5
tcctagtc,0.5
cctagtcc,0.5
ctagtcca,0.375
tagtccaa,0.3
agtccaac,0.3
gtccaact,0.3
tccaactg,0.3
ccaactgg,0.3
caactggc,0.25
aactggca,0.25
actggcaa,0.25
ctggcaaa,0.275
tggcaaag,0.4
ggcaaagg,0.4
gcaaaggc,0.4
caaaggca,0.4
aaaggcac,0.375
aaggcaca,0.375
aggcacaa,0.25
ggcacaac,0.25
gcacaact,0.25
cacaactc,0.25
acaactcc,0.25
caactccc,0.375
aactcccc,0.375
actcccca,0.4
ctccccac,0.4
tccccacg,0.425
ccccacgg,0.425
cccacgga,0.375
ccacggat,0.25
cacggatt,0.25
acggattc,0.25
cggattcc,0.25
ggattccg,0.25
gattccgt,0.275
attccgta,0.4
ttccgtaa,0.525
tccgtaag,0.65
ccgtaaga,0.775
cgtaagat,0.65
gtaagatc,0.625
taagatca,0.625
aagatcac,0.5
agatcact,0.375
gatcacta,0.4
atcactag,0.4
tcactaga,0.45
cactagat,0.45
actagata,0.425
ctagatac,0.425
tagataca,0.375
agatacat,0.375
gatacata,0.275
atacataa,0.4
tacataag,0.525
acataagt,0.525
cataagtc,0.525
ataagtcg,0.5
taagtcgt,0.5
aagtcgtc,0.375
agtcgtcg,0.25
gtcgtcgt,0.15
tcgtcgtc,0.15
cgtcgtca,0.175
gtcgtcag,0.3
tcgtcaga,0.425
cgtcagat,0.425
gtcagatg,0.4
tcagatgt,0.4
cagatgtg,0.375
agatgtgt,0.375
gatgtgtt,0.25
atgtgtta,0.25
tgtgttac,0.25
gtgttact,0.25
tgttactt,0.25
gttacttc,0.25
ttacttca,0.25
tacttcat,0.25
acttcatg,0.25
cttcatgc,0.25
ttcatgca,0.15
tcatgcaa,0.25
catgcaaa,0.275
atgcaaaa,0.275
tgcaaaat,0.275
gcaaaatc,0.275
caaaatcc,0.275
aaaatccc,0.375
aaatccca,0.375
aatcccac,0.375
atcccaca,0.375
tcccacaa,0.375
cccacaaa,0.375
ccacaaaa,0.325
cacaaaaa,0.325
acaaaaaa,0.3
caaaaaat,0.3
aaaaaatt,0.275
aaaaatta,0.275
aaaattat,0.275
aaattatg,0.275
aattatgc,0.275
attatgcc,0.275
ttatgcca,0.275
tatgccaa,0.3
atgccaaa,0.4
tgccaaag,0.525
gccaaagc,0.525
ccaaagcc,0.525
caaagcct,0.4
aaagccta,0.5
aagcctac,0.5
agcctacg,0.525
gcctacga,0.65
cctacgat,0.65
ctacgatt,0.525
tacgatta,0.4
acgattac,0.275
cgattact,0.25
gattactg,0.25
attactgt,0.25
ttactgtc,0.25
tactgtca,0.25
actgtcat,0.25
ctgtcata,0.275
tgtcatag,0.275
gtcatagg,0.3
tcataggt,0.3
cataggtc,0.3
ataggtct,0.275
taggtctc,0.275
aggtctcg,0.25
ggtctcgc,0.25
gtctcgct,0.275
tctcgctt,0.275
ctcgcttt,0.275
tcgctttt,0.275
cgcttttt,0.275
gctttttc,0.25
ctttttcc,0.25
tttttcct,0.375
ttttcctt,0.375
tttcctta,0.4
ttccttaa,0.525
tccttaat,0.525
ccttaatt,0.525
cttaattc,0.4
ttaattcg,0.375
taattcgg,0.375
aattcggt,0.25
attcggta,0.25
ttcggtag,0.25
tcggtagg,0.275
cggtaggc,0.275
ggtaggcc,0.275
gtaggcca,0.275
taggccac,0.275
aggccact,0.3
ggccacta,0.425
gccactaa,0.55
ccactaag,0.675
cactaaga,0.775
actaagaa,0.75
ctaagaac,0.75
taagaacg,0.625
aagaacgc,0.5
agaacgcc,0.375
gaacgcca,0.25
aacgccag,0.25
acgccagc,0.25
cgccagcc,0.25
gccagcca,0.25
ccagccag,0.25
cagccagc,0.25
agccagca,0.25
gccagcac,0.25
ccagcact,0.275
cagcactc,0.275
agcactct,0.275
gcactctt,0.275
cactctta,0.3
actcttat,0.3
ctcttata,0.325
tcttatag,0.325
cttatagc,0.325
ttatagcg,0.3
tatagcga,0.3
atagcgag,0.25
tagcgagg,0.25
agcgaggc,0.25
gcgaggct,0.25
cgaggctt,0.25
gaggcttg,0.25
aggcttga,0.25
ggcttgaa,0.25
gcttgaag,0.375
cttgaagc,0.375
ttgaagcc,0.375
tgaagccc,0.375
gaagccct,0.5
aagccctt,0.5
agcccttg,0.5
gcccttgt,0.5
cccttgtg,0.5
ccttgtgg,0.375
cttgtggg,0.25
ttgtgggc,0.125
tgtgggcc,0.25
gtgggccg,0.25
tgggccgt,0.275
gggccgta,0.4
ggccgtag,0.4
