Subsequence,Contains
ggagcatcggagg,0.215384615384615
gagcatcggaggt,0.215384615384615
agcatcggaggtg,0.215384615384615
gcatcggaggtga,0.184615384615385
catcggaggtgat,0.184615384615385
atcggaggtgatg,0.169230769230769
tcggaggtgatgg,0.169230769230769
cggaggtgatggg,0.169230769230769
ggaggtgatgggc,0.184615384615385
gaggtgatgggca,0.261538461538462
aggtgatgggcag,0.261538461538462
ggtgatgggcagg,0.261538461538462
gtgatgggcaggc,0.261538461538462
tgatgggcaggcg,0.261538461538462
gatgggcaggcgc,0.261538461538462
atgggcaggcgct,0.261538461538462
tgggcaggcgctc,0.338461538461538
gggcaggcgctca,0.338461538461538
ggcaggcgctcac,0.353846153846154
gcaggcgctcaca,0.353846153846154
caggcgctcacat,0.353846153846154
aggcgctcacata,0.353846153846154
ggcgctcacataa,0.307692307692308
gcgctcacataag,0.307692307692308
cgctcacataagc,0.307692307692308
gctcacataagct,0.307692307692308
ctcacataagctg,0.307692307692308
tcacataagctga,0.307692307692308
cacataagctgat,0.230769230769231
acataagctgatt,0.230769230769231
cataagctgattg,0.230769230769231
ataagctgattgg,0.230769230769231
taagctgattgga,0.184615384615385
aagctgattggat,0.169230769230769
agctgattggatt,0.169230769230769
gctgattggattc,0.169230769230769
ctgattggattcc,0.246153846153846
tgattggattccg,0.246153846153846
gattggattccgt,0.246153846153846
attggattccgtc,0.246153846153846
ttggattccgtcc,0.276923076923077
tggattccgtcca,0.276923076923077
ggattccgtccaa,0.276923076923077
gattccgtccaat,0.276923076923077
attccgtccaatg,0.276923076923077
ttccgtccaatgt,0.261538461538462
tccgtccaatgtc,0.261538461538462
ccgtccaatgtca,0.338461538461538
cgtccaatgtcag,0.338461538461538
gtccaatgtcagt,0.353846153846154
tccaatgtcagtc,0.430769230769231
ccaatgtcagtcc,0.507692307692308
caatgtcagtccg,0.507692307692308
aatgtcagtccgg,0.507692307692308
atgtcagtccggc,0.507692307692308
tgtcagtccggca,0.476923076923077
gtcagtccggcaa,0.476923076923077
tcagtccggcaat,0.4
cagtccggcaatg,0.323076923076923
agtccggcaatgt,0.307692307692308
gtccggcaatgtg,0.230769230769231
tccggcaatgtga,0.230769230769231
ccggcaatgtgag,0.2
cggcaatgtgagt,0.230769230769231
ggcaatgtgagta,0.230769230769231
gcaatgtgagtat,0.230769230769231
caatgtgagtatc,0.230769230769231
aatgtgagtatct,0.261538461538462
atgtgagtatctt,0.261538461538462
tgtgagtatcttg,0.261538461538462
gtgagtatcttgc,0.261538461538462
tgagtatcttgcc,0.261538461538462
gagtatcttgccg,0.261538461538462
agtatcttgccgt,0.261538461538462
gtatcttgccgtg,0.230769230769231
tatcttgccgtgg,0.230769230769231
atcttgccgtggt,0.169230769230769
tcttgccgtggtc,0.246153846153846
cttgccgtggtca,0.323076923076923
ttgccgtggtcaa,0.323076923076923
tgccgtggtcaac,0.323076923076923
gccgtggtcaacg,0.323076923076923
ccgtggtcaacgg,0.323076923076923
cgtggtcaacgga,0.323076923076923
gtggtcaacggac,0.323076923076923
tggtcaacggact,0.323076923076923
ggtcaacggacta,0.307692307692308
gtcaacggactat,0.307692307692308
tcaacggactata,0.307692307692308
caacggactatag,0.384615384615385
aacggactatagt,0.461538461538462
acggactatagtc,0.538461538461539
cggactatagtca,0.615384615384615
ggactatagtcac,0.692307692307692
gactatagtcact,0.769230769230769
actatagtcactc,0.846153846153846
ctatagtcactcc,0.923076923076923
tatagtcactccc,1
atagtcactccct,0.923076923076923
tagtcactcccta,0.846153846153846
agtcactccctaa,0.769230769230769
gtcactccctaag,0.692307692307692
tcactccctaaga,0.615384615384615
cactccctaagag,0.538461538461539
actccctaagagc,0.461538461538462
ctccctaagagcg,0.384615384615385
tccctaagagcga,0.307692307692308
ccctaagagcgat,0.230769230769231
cctaagagcgata,0.230769230769231
ctaagagcgatag,0.307692307692308
taagagcgataga,0.307692307692308
aagagcgatagag,0.307692307692308
agagcgatagagg,0.307692307692308
gagcgatagaggg,0.307692307692308
agcgatagaggga,0.307692307692308
gcgatagagggat,0.307692307692308
cgatagagggatt,0.307692307692308
gatagagggattg,0.307692307692308
atagagggattgt,0.307692307692308
tagagggattgtg,0.246153846153846
agagggattgtga,0.261538461538462
gagggattgtgat,0.261538461538462
agggattgtgata,0.261538461538462
gggattgtgataa,0.261538461538462
ggattgtgataag,0.261538461538462
gattgtgataagc,0.261538461538462
attgtgataagcc,0.261538461538462
ttgtgataagcca,0.276923076923077
tgtgataagccag,0.276923076923077
gtgataagccagc,0.276923076923077
tgataagccagct,0.307692307692308
gataagccagctc,0.384615384615385
ataagccagctct,0.384615384615385
taagccagctcta,0.384615384615385
aagccagctctaa,0.353846153846154
agccagctctaaa,0.353846153846154
gccagctctaaaa,0.276923076923077
ccagctctaaaaa,0.261538461538462
cagctctaaaaat,0.261538461538462
agctctaaaaata,0.230769230769231
gctctaaaaatag,0.307692307692308
ctctaaaaatagg,0.307692307692308
tctaaaaataggt,0.307692307692308
ctaaaaataggtt,0.307692307692308
taaaaataggttt,0.307692307692308
aaaaataggtttg,0.307692307692308
aaaataggtttgt,0.307692307692308
aaataggtttgta,0.307692307692308
aataggtttgtag,0.307692307692308
ataggtttgtagt,0.323076923076923
taggtttgtagta,0.323076923076923
aggtttgtagtat,0.323076923076923
ggtttgtagtata,0.323076923076923
gtttgtagtataa,0.323076923076923
tttgtagtataag,0.323076923076923
ttgtagtataagg,0.323076923076923
tgtagtataaggc,0.323076923076923
gtagtataaggca,0.353846153846154
tagtataaggcaa,0.353846153846154
agtataaggcaat,0.369230769230769
gtataaggcaatg,0.369230769230769
tataaggcaatga,0.369230769230769
ataaggcaatgaa,0.292307692307692
taaggcaatgaaa,0.292307692307692
aaggcaatgaaac,0.261538461538462
aggcaatgaaacc,0.261538461538462
ggcaatgaaaccc,0.230769230769231
gcaatgaaaccct,0.230769230769231
caatgaaaccctc,0.246153846153846
aatgaaaccctct,0.246153846153846
atgaaaccctctc,0.261538461538462
tgaaaccctctca,0.261538461538462
gaaaccctctcac,0.307692307692308
aaaccctctcaca,0.307692307692308
aaccctctcacat,0.307692307692308
accctctcacatc,0.338461538461538
ccctctcacatcg,0.338461538461538
cctctcacatcga,0.338461538461538
ctctcacatcgag,0.338461538461538
tctcacatcgagg,0.338461538461538
ctcacatcgaggt,0.338461538461538
tcacatcgaggtt,0.338461538461538
cacatcgaggttt,0.261538461538462
acatcgaggtttt,0.184615384615385
catcgaggttttc,0.184615384615385
atcgaggttttcc,0.230769230769231
tcgaggttttccg,0.230769230769231
cgaggttttccgg,0.230769230769231
gaggttttccggc,0.230769230769231
aggttttccggct,0.230769230769231
ggttttccggctg,0.230769230769231
gttttccggctgc,0.230769230769231
ttttccggctgct,0.230769230769231
tttccggctgctg,0.230769230769231
ttccggctgctgg,0.230769230769231
tccggctgctggc,0.230769230769231
ccggctgctggcc,0.169230769230769
cggctgctggccc,0.230769230769231
ggctgctggccca,0.230769230769231
gctgctggcccat,0.230769230769231
ctgctggcccatt,0.230769230769231
tgctggcccatta,0.230769230769231
gctggcccattag,0.230769230769231
ctggcccattaga,0.230769230769231
tggcccattagaa,0.230769230769231
ggcccattagaaa,0.230769230769231
gcccattagaaaa,0.230769230769231
cccattagaaaat,0.230769230769231
ccattagaaaatt,0.230769230769231
cattagaaaattg,0.230769230769231
attagaaaattgt,0.246153846153846
ttagaaaattgta,0.246153846153846
tagaaaattgtag,0.246153846153846
agaaaattgtagg,0.246153846153846
gaaaattgtaggt,0.246153846153846
aaaattgtaggta,0.246153846153846
aaattgtaggtat,0.246153846153846
aattgtaggtatt,0.246153846153846
attgtaggtattc,0.292307692307692
ttgtaggtattct,0.292307692307692
tgtaggtattctc,0.307692307692308
gtaggtattctcc,0.307692307692308
taggtattctcca,0.307692307692308
aggtattctccaa,0.307692307692308
ggtattctccaat,0.307692307692308
gtattctccaatt,0.307692307692308
tattctccaattt,0.307692307692308
attctccaatttc,0.307692307692308
ttctccaatttca,0.307692307692308
tctccaatttcat,0.307692307692308
ctccaatttcatg,0.307692307692308
tccaatttcatga,0.230769230769231
ccaatttcatgag,0.230769230769231
caatttcatgagc,0.230769230769231
aatttcatgagct,0.230769230769231
atttcatgagctc,0.230769230769231
tttcatgagctca,0.292307692307692
ttcatgagctcat,0.292307692307692
tcatgagctcatg,0.292307692307692
catgagctcatgc,0.292307692307692
atgagctcatgcc,0.338461538461538
tgagctcatgcca,0.307692307692308
gagctcatgccat,0.307692307692308
agctcatgccatc,0.307692307692308
gctcatgccatcc,0.307692307692308
ctcatgccatcct,0.307692307692308
tcatgccatcctt,0.307692307692308
catgccatccttg,0.307692307692308
atgccatccttga,0.307692307692308
tgccatccttgag,0.276923076923077
gccatccttgagg,0.276923076923077
ccatccttgaggg,0.261538461538462
catccttgaggga,0.261538461538462
atccttgagggat,0.230769230769231
tccttgagggatt,0.230769230769231
ccttgagggattc,0.2
cttgagggattca,0.246153846153846
ttgagggattcac,0.323076923076923
tgagggattcaca,0.323076923076923
gagggattcacac,0.338461538461538
agggattcacact,0.338461538461538
gggattcacactg,0.338461538461538
ggattcacactgc,0.338461538461538
gattcacactgcg,0.338461538461538
attcacactgcgg,0.338461538461538
ttcacactgcggt,0.323076923076923
tcacactgcggtc,0.323076923076923
cacactgcggtca,0.323076923076923
acactgcggtcaa,0.323076923076923
cactgcggtcaac,0.323076923076923
actgcggtcaacc,0.307692307692308
ctgcggtcaacct,0.307692307692308
tgcggtcaacctg,0.307692307692308
gcggtcaacctgc,0.307692307692308
cggtcaacctgcc,0.307692307692308
ggtcaacctgccg,0.307692307692308
gtcaacctgccgg,0.307692307692308
tcaacctgccggc,0.246153846153846
caacctgccggca,0.246153846153846
aacctgccggcaa,0.246153846153846
acctgccggcaag,0.246153846153846
cctgccggcaaga,0.246153846153846
ctgccggcaagat,0.246153846153846
tgccggcaagata,0.230769230769231
gccggcaagatag,0.307692307692308
ccggcaagatagc,0.307692307692308
cggcaagatagcc,0.323076923076923
ggcaagatagcct,0.323076923076923
gcaagatagccta,0.323076923076923
caagatagcctac,0.353846153846154
aagatagcctaca,0.353846153846154
agatagcctacaa,0.353846153846154
gatagcctacaac,0.353846153846154
atagcctacaaca,0.353846153846154
tagcctacaacag,0.276923076923077
agcctacaacagg,0.2
gcctacaacaggc,0.184615384615385
cctacaacaggca,0.261538461538462
ctacaacaggcac,0.338461538461538
tacaacaggcacc,0.338461538461538
acaacaggcaccg,0.338461538461538
caacaggcaccgc,0.338461538461538
aacaggcaccgcg,0.338461538461538
acaggcaccgcgt,0.338461538461538
caggcaccgcgtt,0.323076923076923
aggcaccgcgttg,0.323076923076923
ggcaccgcgttga,0.246153846153846
gcaccgcgttgaa,0.230769230769231
caccgcgttgaaa,0.230769230769231
accgcgttgaaat,0.153846153846154
ccgcgttgaaatg,0.153846153846154
cgcgttgaaatgg,0.169230769230769
gcgttgaaatgga,0.169230769230769
cgttgaaatggat,0.169230769230769
gttgaaatggatc,0.2
ttgaaatggatct,0.2
tgaaatggatctc,0.230769230769231
gaaatggatctcc,0.307692307692308
aaatggatctcct,0.307692307692308
aatggatctcctt,0.307692307692308
atggatctcctta,0.307692307692308
tggatctccttag,0.307692307692308
ggatctccttaga,0.307692307692308
gatctccttagaa,0.307692307692308
atctccttagaat,0.307692307692308
tctccttagaata,0.307692307692308
ctccttagaatat,0.307692307692308
tccttagaatatt,0.246153846153846
ccttagaatattg,0.246153846153846
cttagaatattgg,0.246153846153846
ttagaatattgga,0.246153846153846
tagaatattggac,0.246153846153846
agaatattggact,0.292307692307692
gaatattggactt,0.292307692307692
aatattggacttc,0.307692307692308
atattggacttcg,0.307692307692308
tattggacttcgt,0.307692307692308
attggacttcgtg,0.246153846153846
ttggacttcgtgt,0.246153846153846
tggacttcgtgtc,0.246153846153846
ggacttcgtgtcc,0.246153846153846
gacttcgtgtccc,0.307692307692308
acttcgtgtcccc,0.307692307692308
cttcgtgtccccc,0.307692307692308
ttcgtgtccccca,0.307692307692308
tcgtgtcccccaa,0.307692307692308
cgtgtcccccaag,0.307692307692308
gtgtcccccaaga,0.307692307692308
tgtcccccaagaa,0.307692307692308
gtcccccaagaac,0.307692307692308
tcccccaagaacg,0.307692307692308
cccccaagaacgc,0.246153846153846
ccccaagaacgca,0.230769230769231
cccaagaacgcat,0.230769230769231
ccaagaacgcatt,0.169230769230769
caagaacgcattg,0.169230769230769
aagaacgcattga,0.169230769230769
agaacgcattgag,0.169230769230769
gaacgcattgagc,0.169230769230769
aacgcattgagct,0.169230769230769
acgcattgagcta,0.169230769230769
cgcattgagctat,0.230769230769231
gcattgagctatt,0.230769230769231
cattgagctatta,0.230769230769231
attgagctattac,0.230769230769231
ttgagctattaca,0.230769230769231
tgagctattacat,0.230769230769231
gagctattacatc,0.230769230769231
agctattacatct,0.230769230769231
gctattacatctt,0.230769230769231
ctattacatcttc,0.246153846153846
tattacatcttct,0.246153846153846
attacatcttctg,0.2
ttacatcttctgg,0.2
tacatcttctggc,0.2
acatcttctggct,0.2
catcttctggctc,0.230769230769231
atcttctggctca,0.230769230769231
tcttctggctcag,0.230769230769231
cttctggctcagg,0.230769230769231
ttctggctcaggg,0.230769230769231
tctggctcagggt,0.230769230769231
ctggctcagggtc,0.230769230769231
tggctcagggtca,0.307692307692308
ggctcagggtcat,0.307692307692308
gctcagggtcatt,0.323076923076923
ctcagggtcatta,0.323076923076923
tcagggtcattaa,0.323076923076923
cagggtcattaat,0.323076923076923
agggtcattaata,0.323076923076923
gggtcattaatac,0.323076923076923
ggtcattaatact,0.323076923076923
gtcattaatactc,0.353846153846154
tcattaatactcc,0.430769230769231
cattaatactccc,0.507692307692308
attaatactccca,0.507692307692308
ttaatactcccaa,0.507692307692308
taatactcccaat,0.507692307692308
aatactcccaatc,0.461538461538462
atactcccaatcc,0.461538461538462
tactcccaatcct,0.461538461538462
actcccaatcctg,0.461538461538462
ctcccaatcctgc,0.384615384615385
tcccaatcctgcg,0.323076923076923
cccaatcctgcgc,0.323076923076923
ccaatcctgcgct,0.323076923076923
caatcctgcgcta,0.323076923076923
aatcctgcgctac,0.246153846153846
atcctgcgctacg,0.230769230769231
tcctgcgctacgt,0.230769230769231
cctgcgctacgta,0.184615384615385
ctgcgctacgtat,0.230769230769231
tgcgctacgtata,0.307692307692308
gcgctacgtatat,0.307692307692308
cgctacgtatatt,0.323076923076923
gctacgtatattc,0.4
ctacgtatattct,0.4
tacgtatattctg,0.4
acgtatattctgc,0.4
cgtatattctgcg,0.4
gtatattctgcgc,0.4
tatattctgcgcg,0.4
atattctgcgcga,0.323076923076923
tattctgcgcgac,0.246153846153846
attctgcgcgact,0.230769230769231
ttctgcgcgactc,0.307692307692308
tctgcgcgactcc,0.384615384615385
ctgcgcgactcca,0.384615384615385
tgcgcgactccat,0.384615384615385
gcgcgactccata,0.384615384615385
cgcgactccatac,0.384615384615385
gcgactccatacg,0.384615384615385
cgactccatacgt,0.384615384615385
gactccatacgtg,0.384615384615385
actccatacgtgc,0.384615384615385
ctccatacgtgca,0.307692307692308
tccatacgtgcac,0.369230769230769
ccatacgtgcact,0.446153846153846
catacgtgcactg,0.446153846153846
atacgtgcactga,0.446153846153846
tacgtgcactgat,0.369230769230769
acgtgcactgatt,0.338461538461538
cgtgcactgattt,0.338461538461538
gtgcactgatttg,0.338461538461538
tgcactgatttgt,0.307692307692308
gcactgatttgtg,0.307692307692308
cactgatttgtgt,0.307692307692308
actgatttgtgta,0.230769230769231
ctgatttgtgtaa,0.169230769230769
tgatttgtgtaac,0.246153846153846
gatttgtgtaact,0.323076923076923
atttgtgtaacta,0.323076923076923
tttgtgtaactat,0.323076923076923
ttgtgtaactatc,0.323076923076923
tgtgtaactatca,0.323076923076923
gtgtaactatcac,0.338461538461538
tgtaactatcaca,0.338461538461538
gtaactatcacag,0.338461538461538
taactatcacagt,0.338461538461538
aactatcacagtg,0.338461538461538
actatcacagtga,0.338461538461538
ctatcacagtgat,0.338461538461538
tatcacagtgata,0.338461538461538
atcacagtgatac,0.307692307692308
tcacagtgatacc,0.307692307692308
cacagtgataccc,0.369230769230769
acagtgataccct,0.369230769230769
cagtgataccctc,0.353846153846154
agtgataccctcc,0.353846153846154
gtgataccctccc,0.4
tgataccctcccc,0.4
gataccctccccg,0.4
ataccctccccga,0.4
taccctccccgac,0.4
accctccccgaca,0.4
ccctccccgacaa,0.4
cctccccgacaac,0.384615384615385
ctccccgacaact,0.384615384615385
tccccgacaactt,0.307692307692308
ccccgacaacttc,0.246153846153846
cccgacaacttcg,0.246153846153846
ccgacaacttcgt,0.246153846153846
cgacaacttcgtc,0.246153846153846
gacaacttcgtct,0.246153846153846
acaacttcgtctg,0.246153846153846
caacttcgtctgg,0.246153846153846
aacttcgtctggt,0.246153846153846
acttcgtctggtc,0.261538461538462
cttcgtctggtcc,0.261538461538462
ttcgtctggtccc,0.307692307692308
tcgtctggtcccg,0.307692307692308
cgtctggtcccgt,0.307692307692308
gtctggtcccgtt,0.307692307692308
tctggtcccgtta,0.307692307692308
ctggtcccgttag,0.307692307692308
tggtcccgttagc,0.307692307692308
ggtcccgttagct,0.307692307692308
gtcccgttagctc,0.307692307692308
tcccgttagctcc,0.353846153846154
cccgttagctccc,0.430769230769231
ccgttagctcccc,0.430769230769231
cgttagctccccc,0.430769230769231
gttagctcccccc,0.430769230769231
ttagctccccccg,0.384615384615385
tagctccccccga,0.384615384615385
agctccccccgaa,0.384615384615385
gctccccccgaaa,0.384615384615385
ctccccccgaaaa,0.384615384615385
tccccccgaaaat,0.307692307692308
ccccccgaaaatt,0.246153846153846
cccccgaaaattt,0.246153846153846
ccccgaaaatttg,0.230769230769231
cccgaaaatttgc,0.230769230769231
ccgaaaatttgcg,0.153846153846154
cgaaaatttgcgg,0.153846153846154
gaaaatttgcggg,0.153846153846154
aaaatttgcggga,0.153846153846154
aaatttgcgggaa,0.153846153846154
aatttgcgggaac,0.153846153846154
atttgcgggaaca,0.153846153846154
tttgcgggaacac,0.230769230769231
ttgcgggaacacc,0.246153846153846
tgcgggaacaccg,0.246153846153846
gcgggaacaccgt,0.246153846153846
cgggaacaccgtt,0.246153846153846
gggaacaccgttc,0.246153846153846
ggaacaccgttcc,0.246153846153846
gaacaccgttccc,0.307692307692308
aacaccgttccct,0.307692307692308
acaccgttcccta,0.307692307692308
caccgttccctac,0.307692307692308
accgttccctact,0.307692307692308
ccgttccctacta,0.307692307692308
cgttccctactag,0.307692307692308
gttccctactaga,0.307692307692308
ttccctactagat,0.307692307692308
tccctactagatc,0.307692307692308
ccctactagatct,0.292307692307692
cctactagatctc,0.307692307692308
ctactagatctct,0.384615384615385
tactagatctctc,0.461538461538462
actagatctctcc,0.507692307692308
ctagatctctcct,0.507692307692308
tagatctctccta,0.507692307692308
agatctctcctat,0.430769230769231
gatctctcctatt,0.4
atctctcctattt,0.4
tctctcctattta,0.4
ctctcctatttag,0.323076923076923
tctcctatttagt,0.323076923076923
ctcctatttagtg,0.323076923076923
tcctatttagtgt,0.323076923076923
cctatttagtgtg,0.323076923076923
ctatttagtgtgt,0.323076923076923
tatttagtgtgtg,0.323076923076923
atttagtgtgtgg,0.323076923076923
tttagtgtgtggt,0.323076923076923
ttagtgtgtggta,0.307692307692308
tagtgtgtggtag,0.307692307692308
agtgtgtggtagg,0.230769230769231
gtgtgtggtaggt,0.230769230769231
tgtgtggtaggtc,0.261538461538462
gtgtggtaggtct,0.261538461538462
tgtggtaggtctg,0.261538461538462
gtggtaggtctgg,0.261538461538462
tggtaggtctgga,0.261538461538462
ggtaggtctggag,0.261538461538462
gtaggtctggagg,0.261538461538462
taggtctggaggc,0.261538461538462
aggtctggaggcg,0.230769230769231
ggtctggaggcgc,0.230769230769231
gtctggaggcgca,0.230769230769231
tctggaggcgcaa,0.184615384615385
ctggaggcgcaat,0.184615384615385
tggaggcgcaatc,0.246153846153846
ggaggcgcaatcg,0.246153846153846
gaggcgcaatcgg,0.246153846153846
aggcgcaatcggt,0.246153846153846
ggcgcaatcggtc,0.246153846153846
gcgcaatcggtca,0.307692307692308
cgcaatcggtcaa,0.307692307692308
gcaatcggtcaaa,0.307692307692308
caatcggtcaaac,0.307692307692308
aatcggtcaaact,0.307692307692308
atcggtcaaacta,0.307692307692308
tcggtcaaactat,0.307692307692308
cggtcaaactata,0.307692307692308
ggtcaaactataa,0.307692307692308
gtcaaactataag,0.307692307692308
tcaaactataagc,0.307692307692308
caaactataagcg,0.307692307692308
aaactataagcgc,0.307692307692308
aactataagcgcc,0.307692307692308
actataagcgccg,0.307692307692308
ctataagcgccgg,0.307692307692308
tataagcgccggg,0.307692307692308
ataagcgccggga,0.230769230769231
taagcgccgggag,0.184615384615385
aagcgccgggagc,0.169230769230769
agcgccgggagcg,0.169230769230769
gcgccgggagcgc,0.169230769230769
cgccgggagcgct,0.2
gccgggagcgctg,0.2
ccgggagcgctga,0.2
cgggagcgctgat,0.2
gggagcgctgatg,0.2
ggagcgctgatgc,0.2
gagcgctgatgcg,0.2
agcgctgatgcgc,0.2
gcgctgatgcgcc,0.169230769230769
cgctgatgcgcca,0.169230769230769
gctgatgcgccac,0.246153846153846
ctgatgcgccaca,0.246153846153846
tgatgcgccacac,0.261538461538462
gatgcgccacacc,0.338461538461538
atgcgccacaccc,0.415384615384615
tgcgccacacccg,0.415384615384615
gcgccacacccgg,0.415384615384615
cgccacacccggg,0.415384615384615
gccacacccgggc,0.415384615384615
ccacacccgggcg,0.4
cacacccgggcgc,0.4
acacccgggcgca,0.323076923076923
cacccgggcgcaa,0.261538461538462
acccgggcgcaag,0.230769230769231
cccgggcgcaagt,0.230769230769231
ccgggcgcaagtg,0.230769230769231
cgggcgcaagtga,0.246153846153846
gggcgcaagtgac,0.323076923076923
ggcgcaagtgacc,0.323076923076923
gcgcaagtgacca,0.323076923076923
cgcaagtgaccac,0.323076923076923
gcaagtgaccact,0.323076923076923
caagtgaccacta,0.323076923076923
aagtgaccactat,0.323076923076923
agtgaccactata,0.323076923076923
gtgaccactataa,0.307692307692308
tgaccactataaa,0.307692307692308
gaccactataaaa,0.307692307692308
accactataaaaa,0.307692307692308
ccactataaaaaa,0.307692307692308
cactataaaaaac,0.307692307692308
actataaaaaact,0.307692307692308
ctataaaaaactc,0.307692307692308
tataaaaaactcc,0.384615384615385
ataaaaaactcct,0.384615384615385
taaaaaactcctc,0.384615384615385
aaaaaactcctct,0.384615384615385
aaaaactcctcta,0.384615384615385
aaaactcctctat,0.384615384615385
aaactcctctatg,0.384615384615385
aactcctctatgg,0.384615384615385
actcctctatggt,0.384615384615385
ctcctctatggta,0.323076923076923
tcctctatggtac,0.353846153846154
cctctatggtacc,0.353846153846154
ctctatggtacct,0.353846153846154
tctatggtaccta,0.353846153846154
ctatggtacctag,0.353846153846154
tatggtacctaga,0.353846153846154
atggtacctagaa,0.276923076923077
tggtacctagaaa,0.230769230769231
ggtacctagaaaa,0.230769230769231
gtacctagaaaac,0.230769230769231
tacctagaaaacc,0.230769230769231
acctagaaaacca,0.230769230769231
cctagaaaaccag,0.230769230769231
ctagaaaaccagc,0.230769230769231
tagaaaaccagcc,0.230769230769231
agaaaaccagcca,0.246153846153846
gaaaaccagccag,0.246153846153846
aaaaccagccagg,0.246153846153846
aaaccagccaggg,0.246153846153846
aaccagccagggg,0.246153846153846
accagccaggggg,0.246153846153846
ccagccagggggc,0.246153846153846
cagccagggggca,0.246153846153846
agccagggggcat,0.246153846153846
gccagggggcata,0.230769230769231
ccagggggcataa,0.230769230769231
cagggggcataag,0.230769230769231
agggggcataagt,0.261538461538462
gggggcataagtt,0.261538461538462
ggggcataagttt,0.261538461538462
gggcataagtttt,0.261538461538462
ggcataagttttc,0.261538461538462
gcataagttttca,0.261538461538462
cataagttttcag,0.261538461538462
ataagttttcagc,0.261538461538462
taagttttcagcg,0.261538461538462
aagttttcagcgt,0.230769230769231
agttttcagcgtt,0.230769230769231
gttttcagcgtta,0.230769230769231
ttttcagcgttaa,0.230769230769231
tttcagcgttaac,0.230769230769231
ttcagcgttaact,0.246153846153846
tcagcgttaactg,0.246153846153846
cagcgttaactga,0.246153846153846
agcgttaactgag,0.246153846153846
gcgttaactgagc,0.246153846153846
cgttaactgagcc,0.246153846153846
gttaactgagccg,0.246153846153846
ttaactgagccgt,0.246153846153846
taactgagccgtt,0.246153846153846
aactgagccgttt,0.230769230769231
actgagccgtttg,0.230769230769231
ctgagccgtttgg,0.169230769230769
tgagccgtttgga,0.169230769230769
gagccgtttggaa,0.169230769230769
agccgtttggaat,0.169230769230769
gccgtttggaata,0.230769230769231
ccgtttggaatac,0.230769230769231
cgtttggaatact,0.246153846153846
gtttggaatacta,0.246153846153846
tttggaatactaa,0.261538461538462
ttggaatactaag,0.261538461538462
tggaatactaagc,0.261538461538462
ggaatactaagct,0.292307692307692
gaatactaagctg,0.292307692307692
aatactaagctga,0.292307692307692
atactaagctgac,0.292307692307692
tactaagctgacc,0.230769230769231
actaagctgaccc,0.261538461538462
ctaagctgaccca,0.261538461538462
taagctgacccac,0.261538461538462
aagctgacccact,0.307692307692308
agctgacccacta,0.307692307692308
gctgacccactaa,0.307692307692308
ctgacccactaag,0.307692307692308
tgacccactaaga,0.307692307692308
gacccactaagaa,0.307692307692308
acccactaagaaa,0.307692307692308
cccactaagaaat,0.307692307692308
ccactaagaaata,0.307692307692308
cactaagaaatag,0.307692307692308
actaagaaataga,0.307692307692308
ctaagaaatagaa,0.307692307692308
taagaaatagaat,0.307692307692308
aagaaatagaatt,0.307692307692308
agaaatagaatta,0.307692307692308
gaaatagaattag,0.307692307692308
aaatagaattagt,0.307692307692308
aatagaattagtt,0.307692307692308
atagaattagtta,0.323076923076923
tagaattagttat,0.323076923076923
agaattagttata,0.323076923076923
gaattagttatac,0.323076923076923
aattagttatacg,0.323076923076923
attagttatacgc,0.323076923076923
ttagttatacgca,0.338461538461538
tagttatacgcaa,0.338461538461538
agttatacgcaag,0.338461538461538
gttatacgcaagg,0.338461538461538
ttatacgcaaggc,0.338461538461538
tatacgcaaggca,0.338461538461538
atacgcaaggcag,0.261538461538462
tacgcaaggcagt,0.261538461538462
acgcaaggcagtt,0.261538461538462
cgcaaggcagttc,0.276923076923077
gcaaggcagttca,0.276923076923077
caaggcagttcaa,0.276923076923077
aaggcagttcaac,0.276923076923077
aggcagttcaacc,0.276923076923077
ggcagttcaaccc,0.307692307692308
gcagttcaacccc,0.369230769230769
cagttcaaccccc,0.384615384615385
agttcaacccccg,0.384615384615385
gttcaacccccgt,0.353846153846154
ttcaacccccgtc,0.353846153846154
tcaacccccgtcc,0.353846153846154
caacccccgtcct,0.323076923076923
aacccccgtccta,0.323076923076923
acccccgtcctag,0.323076923076923
cccccgtcctagt,0.307692307692308
ccccgtcctagtc,0.384615384615385
cccgtcctagtcc,0.384615384615385
ccgtcctagtcca,0.384615384615385
cgtcctagtccaa,0.384615384615385
gtcctagtccaac,0.384615384615385
tcctagtccaact,0.384615384615385
cctagtccaactg,0.384615384615385
ctagtccaactgg,0.384615384615385
tagtccaactggc,0.384615384615385
agtccaactggca,0.307692307692308
gtccaactggcaa,0.230769230769231
tccaactggcaaa,0.230769230769231
ccaactggcaaag,0.230769230769231
caactggcaaagg,0.230769230769231
aactggcaaaggc,0.230769230769231
actggcaaaggca,0.261538461538462
ctggcaaaggcac,0.338461538461538
tggcaaaggcaca,0.338461538461538
ggcaaaggcacaa,0.338461538461538
gcaaaggcacaac,0.338461538461538
caaaggcacaact,0.338461538461538
aaaggcacaactc,0.338461538461538
aaggcacaactcc,0.384615384615385
aggcacaactccc,0.461538461538462
ggcacaactcccc,0.461538461538462
gcacaactcccca,0.461538461538462
cacaactccccac,0.461538461538462
acaactccccacg,0.461538461538462
caactccccacgg,0.461538461538462
aactccccacgga,0.461538461538462
actccccacggat,0.461538461538462
ctccccacggatt,0.384615384615385
tccccacggattc,0.307692307692308
ccccacggattcc,0.246153846153846
cccacggattccg,0.246153846153846
ccacggattccgt,0.246153846153846
cacggattccgta,0.246153846153846
acggattccgtaa,0.246153846153846
cggattccgtaag,0.246153846153846
ggattccgtaaga,0.246153846153846
gattccgtaagat,0.246153846153846
attccgtaagatc,0.246153846153846
ttccgtaagatca,0.292307692307692
tccgtaagatcac,0.369230769230769
ccgtaagatcact,0.446153846153846
cgtaagatcacta,0.446153846153846
gtaagatcactag,0.446153846153846
taagatcactaga,0.446153846153846
aagatcactagat,0.415384615384615
agatcactagata,0.415384615384615
gatcactagatac,0.384615384615385
atcactagataca,0.384615384615385
tcactagatacat,0.384615384615385
cactagatacata,0.307692307692308
actagatacataa,0.261538461538462
ctagatacataag,0.261538461538462
tagatacataagt,0.261538461538462
agatacataagtc,0.338461538461538
gatacataagtcg,0.338461538461538
atacataagtcgt,0.338461538461538
tacataagtcgtc,0.338461538461538
acataagtcgtcg,0.338461538461538
cataagtcgtcgt,0.338461538461538
ataagtcgtcgtc,0.338461538461538
taagtcgtcgtca,0.338461538461538
aagtcgtcgtcag,0.323076923076923
agtcgtcgtcaga,0.323076923076923
gtcgtcgtcagat,0.323076923076923
tcgtcgtcagatg,0.323076923076923
cgtcgtcagatgt,0.323076923076923
gtcgtcagatgtg,0.323076923076923
tcgtcagatgtgt,0.323076923076923
cgtcagatgtgtt,0.307692307692308
gtcagatgtgtta,0.307692307692308
tcagatgtgttac,0.246153846153846
cagatgtgttact,0.323076923076923
agatgtgttactt,0.323076923076923
gatgtgttacttc,0.338461538461538
atgtgttacttca,0.338461538461538
tgtgttacttcat,0.338461538461538
gtgttacttcatg,0.338461538461538
tgttacttcatgc,0.338461538461538
gttacttcatgca,0.338461538461538
ttacttcatgcaa,0.261538461538462
tacttcatgcaaa,0.246153846153846
acttcatgcaaaa,0.246153846153846
cttcatgcaaaat,0.230769230769231
ttcatgcaaaatc,0.230769230769231
tcatgcaaaatcc,0.246153846153846
catgcaaaatccc,0.323076923076923
atgcaaaatccca,0.323076923076923
tgcaaaatcccac,0.323076923076923
gcaaaatcccaca,0.323076923076923
caaaatcccacaa,0.323076923076923
aaaatcccacaaa,0.323076923076923
aaatcccacaaaa,0.323076923076923
aatcccacaaaaa,0.323076923076923
atcccacaaaaaa,0.307692307692308
tcccacaaaaaat,0.307692307692308
cccacaaaaaatt,0.230769230769231
ccacaaaaaatta,0.230769230769231
cacaaaaaattat,0.230769230769231
acaaaaaattatg,0.230769230769231
caaaaaattatgc,0.230769230769231
aaaaaattatgcc,0.230769230769231
aaaaattatgcca,0.276923076923077
aaaattatgccaa,0.276923076923077
aaattatgccaaa,0.276923076923077
aattatgccaaag,0.276923076923077
attatgccaaagc,0.276923076923077
ttatgccaaagcc,0.276923076923077
tatgccaaagcct,0.276923076923077
atgccaaagccta,0.2
tgccaaagcctac,0.215384615384615
gccaaagcctacg,0.215384615384615
ccaaagcctacga,0.215384615384615
caaagcctacgat,0.215384615384615
aaagcctacgatt,0.215384615384615
aagcctacgatta,0.2
agcctacgattac,0.2
gcctacgattact,0.246153846153846
cctacgattactg,0.246153846153846
ctacgattactgt,0.246153846153846
tacgattactgtc,0.261538461538462
acgattactgtca,0.338461538461538
cgattactgtcat,0.338461538461538
gattactgtcata,0.338461538461538
attactgtcatag,0.338461538461538
ttactgtcatagg,0.338461538461538
tactgtcataggt,0.338461538461538
actgtcataggtc,0.338461538461538
ctgtcataggtct,0.338461538461538
tgtcataggtctc,0.353846153846154
gtcataggtctcg,0.353846153846154
tcataggtctcgc,0.369230769230769
cataggtctcgct,0.369230769230769
ataggtctcgctt,0.369230769230769
taggtctcgcttt,0.292307692307692
aggtctcgctttt,0.261538461538462
ggtctcgcttttt,0.261538461538462
gtctcgctttttc,0.261538461538462
tctcgctttttcc,0.246153846153846
ctcgctttttcct,0.246153846153846
tcgctttttcctt,0.246153846153846
cgctttttcctta,0.230769230769231
gctttttccttaa,0.230769230769231
ctttttccttaat,0.230769230769231
tttttccttaatt,0.230769230769231
ttttccttaattc,0.230769230769231
tttccttaattcg,0.230769230769231
ttccttaattcgg,0.230769230769231
tccttaattcggt,0.230769230769231
ccttaattcggta,0.2
cttaattcggtag,0.230769230769231
ttaattcggtagg,0.230769230769231
taattcggtaggc,0.246153846153846
aattcggtaggcc,0.246153846153846
attcggtaggcca,0.246153846153846
ttcggtaggccac,0.276923076923077
tcggtaggccact,0.353846153846154
cggtaggccacta,0.353846153846154
ggtaggccactaa,0.353846153846154
gtaggccactaag,0.353846153846154
taggccactaaga,0.353846153846154
aggccactaagaa,0.323076923076923
ggccactaagaac,0.323076923076923
gccactaagaacg,0.323076923076923
ccactaagaacgc,0.307692307692308
cactaagaacgcc,0.307692307692308
actaagaacgcca,0.246153846153846
ctaagaacgccag,0.246153846153846
taagaacgccagc,0.246153846153846
aagaacgccagcc,0.246153846153846
agaacgccagcca,0.246153846153846
gaacgccagccag,0.246153846153846
aacgccagccagc,0.246153846153846
acgccagccagca,0.246153846153846
cgccagccagcac,0.261538461538462
gccagccagcact,0.338461538461538
ccagccagcactc,0.415384615384615
cagccagcactct,0.415384615384615
agccagcactctt,0.415384615384615
gccagcactctta,0.415384615384615
ccagcactcttat,0.415384615384615
cagcactcttata,0.415384615384615
agcactcttatag,0.415384615384615
gcactcttatagc,0.384615384615385
cactcttatagcg,0.384615384615385
actcttatagcga,0.384615384615385
ctcttatagcgag,0.384615384615385
tcttatagcgagg,0.384615384615385
cttatagcgaggc,0.384615384615385
ttatagcgaggct,0.384615384615385
tatagcgaggctt,0.384615384615385
atagcgaggcttg,0.307692307692308
tagcgaggcttga,0.230769230769231
agcgaggcttgaa,0.169230769230769
gcgaggcttgaag,0.169230769230769
cgaggcttgaagc,0.169230769230769
gaggcttgaagcc,0.169230769230769
aggcttgaagccc,0.230769230769231
ggcttgaagccct,0.230769230769231
gcttgaagccctt,0.230769230769231
cttgaagcccttg,0.230769230769231
ttgaagcccttgt,0.230769230769231
tgaagcccttgtg,0.230769230769231
gaagcccttgtgg,0.230769230769231
aagcccttgtggg,0.230769230769231
agcccttgtgggc,0.230769230769231
gcccttgtgggcc,0.230769230769231
cccttgtgggccg,0.230769230769231
ccttgtgggccgt,0.169230769230769
cttgtgggccgta,0.169230769230769
ttgtgggccgtag,0.230769230769231
