Subsequence,Contains
ggagcatcggag,0.316666666666667
gagcatcggagg,0.316666666666667
agcatcggaggt,0.316666666666667
gcatcggaggtg,0.316666666666667
catcggaggtga,0.35
atcggaggtgat,0.35
tcggaggtgatg,0.35
cggaggtgatgg,0.35
ggaggtgatggg,0.35
gaggtgatgggc,0.35
aggtgatgggca,0.35
ggtgatgggcag,0.333333333333333
gtgatgggcagg,0.333333333333333
tgatgggcaggc,0.3
gatgggcaggcg,0.3
atgggcaggcgc,0.3
tgggcaggcgct,0.25
gggcaggcgctc,0.25
ggcaggcgctca,0.25
gcaggcgctcac,0.25
caggcgctcaca,0.166666666666667
aggcgctcacat,0.2
ggcgctcacata,0.2
gcgctcacataa,0.2
cgctcacataag,0.2
gctcacataagc,0.2
ctcacataagct,0.2
tcacataagctg,0.2
cacataagctga,0.283333333333333
acataagctgat,0.283333333333333
cataagctgatt,0.3
ataagctgattg,0.3
taagctgattgg,0.3
aagctgattgga,0.3
agctgattggat,0.266666666666667
gctgattggatt,0.266666666666667
ctgattggattc,0.266666666666667
tgattggattcc,0.266666666666667
gattggattccg,0.233333333333333
attggattccgt,0.233333333333333
ttggattccgtc,0.216666666666667
tggattccgtcc,0.216666666666667
ggattccgtcca,0.183333333333333
gattccgtccaa,0.25
attccgtccaat,0.333333333333333
ttccgtccaatg,0.416666666666667
tccgtccaatgt,0.5
ccgtccaatgtc,0.5
cgtccaatgtca,0.516666666666667
gtccaatgtcag,0.6
tccaatgtcagt,0.683333333333333
ccaatgtcagtc,0.683333333333333
caatgtcagtcc,0.683333333333333
aatgtcagtccg,0.6
atgtcagtccgg,0.516666666666667
tgtcagtccggc,0.433333333333333
gtcagtccggca,0.35
tcagtccggcaa,0.333333333333333
cagtccggcaat,0.416666666666667
agtccggcaatg,0.5
gtccggcaatgt,0.583333333333333
tccggcaatgtg,0.666666666666667
ccggcaatgtga,0.75
cggcaatgtgag,0.833333333333333
ggcaatgtgagt,0.916666666666667
gcaatgtgagta,1
caatgtgagtat,0.916666666666667
aatgtgagtatc,0.833333333333333
atgtgagtatct,0.75
tgtgagtatctt,0.666666666666667
gtgagtatcttg,0.583333333333333
tgagtatcttgc,0.5
gagtatcttgcc,0.416666666666667
agtatcttgccg,0.333333333333333
gtatcttgccgt,0.25
tatcttgccgtg,0.25
atcttgccgtgg,0.25
tcttgccgtggt,0.283333333333333
cttgccgtggtc,0.283333333333333
ttgccgtggtca,0.283333333333333
tgccgtggtcaa,0.283333333333333
gccgtggtcaac,0.283333333333333
ccgtggtcaacg,0.283333333333333
cgtggtcaacgg,0.283333333333333
gtggtcaacgga,0.3
tggtcaacggac,0.3
ggtcaacggact,0.316666666666667
gtcaacggacta,0.4
tcaacggactat,0.4
caacggactata,0.4
aacggactatag,0.316666666666667
acggactatagt,0.266666666666667
cggactatagtc,0.266666666666667
ggactatagtca,0.266666666666667
gactatagtcac,0.266666666666667
actatagtcact,0.25
ctatagtcactc,0.25
tatagtcactcc,0.25
atagtcactccc,0.25
tagtcactccct,0.25
agtcactcccta,0.25
gtcactccctaa,0.2
tcactccctaag,0.183333333333333
cactccctaaga,0.183333333333333
actccctaagag,0.25
ctccctaagagc,0.25
tccctaagagcg,0.25
ccctaagagcga,0.25
cctaagagcgat,0.266666666666667
ctaagagcgata,0.266666666666667
taagagcgatag,0.266666666666667
aagagcgataga,0.266666666666667
agagcgatagag,0.316666666666667
gagcgatagagg,0.316666666666667
agcgatagaggg,0.316666666666667
gcgatagaggga,0.316666666666667
cgatagagggat,0.25
gatagagggatt,0.25
atagagggattg,0.25
tagagggattgt,0.283333333333333
agagggattgtg,0.366666666666667
gagggattgtga,0.45
agggattgtgat,0.45
gggattgtgata,0.483333333333333
ggattgtgataa,0.483333333333333
gattgtgataag,0.466666666666667
attgtgataagc,0.466666666666667
ttgtgataagcc,0.45
tgtgataagcca,0.45
gtgataagccag,0.366666666666667
tgataagccagc,0.283333333333333
gataagccagct,0.2
ataagccagctc,0.183333333333333
taagccagctct,0.183333333333333
aagccagctcta,0.183333333333333
agccagctctaa,0.183333333333333
gccagctctaaa,0.183333333333333
ccagctctaaaa,0.166666666666667
cagctctaaaaa,0.166666666666667
agctctaaaaat,0.25
gctctaaaaata,0.25
ctctaaaaatag,0.25
tctaaaaatagg,0.25
ctaaaaataggt,0.25
taaaaataggtt,0.25
aaaaataggttt,0.25
aaaataggtttg,0.25
aaataggtttgt,0.25
aataggtttgta,0.3
ataggtttgtag,0.3
taggtttgtagt,0.366666666666667
aggtttgtagta,0.45
ggtttgtagtat,0.45
gtttgtagtata,0.45
tttgtagtataa,0.45
ttgtagtataag,0.45
tgtagtataagg,0.45
gtagtataaggc,0.366666666666667
tagtataaggca,0.333333333333333
agtataaggcaa,0.333333333333333
gtataaggcaat,0.416666666666667
tataaggcaatg,0.5
ataaggcaatga,0.5
taaggcaatgaa,0.5
aaggcaatgaaa,0.5
aggcaatgaaac,0.5
ggcaatgaaacc,0.5
gcaatgaaaccc,0.5
caatgaaaccct,0.416666666666667
aatgaaaccctc,0.333333333333333
atgaaaccctct,0.25
tgaaaccctctc,0.25
gaaaccctctca,0.183333333333333
aaaccctctcac,0.166666666666667
aaccctctcaca,0.166666666666667
accctctcacat,0.2
ccctctcacatc,0.2
cctctcacatcg,0.2
ctctcacatcga,0.2
tctcacatcgag,0.25
ctcacatcgagg,0.25
tcacatcgaggt,0.25
cacatcgaggtt,0.25
acatcgaggttt,0.25
catcgaggtttt,0.25
atcgaggttttc,0.25
tcgaggttttcc,0.25
cgaggttttccg,0.25
gaggttttccgg,0.25
aggttttccggc,0.183333333333333
ggttttccggct,0.166666666666667
gttttccggctg,0.166666666666667
ttttccggctgc,0.166666666666667
tttccggctgct,0.166666666666667
ttccggctgctg,0.2
tccggctgctgg,0.2
ccggctgctggc,0.2
cggctgctggcc,0.2
ggctgctggccc,0.2
gctgctggccca,0.2
ctgctggcccat,0.2
tgctggcccatt,0.2
gctggcccatta,0.183333333333333
ctggcccattag,0.183333333333333
tggcccattaga,0.216666666666667
ggcccattagaa,0.216666666666667
gcccattagaaa,0.216666666666667
cccattagaaaa,0.216666666666667
ccattagaaaat,0.25
cattagaaaatt,0.25
attagaaaattg,0.283333333333333
ttagaaaattgt,0.283333333333333
tagaaaattgta,0.283333333333333
agaaaattgtag,0.316666666666667
gaaaattgtagg,0.316666666666667
aaaattgtaggt,0.316666666666667
aaattgtaggta,0.4
aattgtaggtat,0.4
attgtaggtatt,0.383333333333333
ttgtaggtattc,0.366666666666667
tgtaggtattct,0.366666666666667
gtaggtattctc,0.283333333333333
taggtattctcc,0.25
aggtattctcca,0.25
ggtattctccaa,0.25
gtattctccaat,0.333333333333333
tattctccaatt,0.333333333333333
attctccaattt,0.35
ttctccaatttc,0.35
tctccaatttca,0.366666666666667
ctccaatttcat,0.366666666666667
tccaatttcatg,0.366666666666667
ccaatttcatga,0.366666666666667
caatttcatgag,0.366666666666667
aatttcatgagc,0.333333333333333
atttcatgagct,0.333333333333333
tttcatgagctc,0.333333333333333
ttcatgagctca,0.333333333333333
tcatgagctcat,0.333333333333333
catgagctcatg,0.333333333333333
atgagctcatgc,0.333333333333333
tgagctcatgcc,0.333333333333333
gagctcatgcca,0.25
agctcatgccat,0.266666666666667
gctcatgccatc,0.266666666666667
ctcatgccatcc,0.266666666666667
tcatgccatcct,0.266666666666667
catgccatcctt,0.266666666666667
atgccatccttg,0.266666666666667
tgccatccttga,0.266666666666667
gccatccttgag,0.333333333333333
ccatccttgagg,0.333333333333333
catccttgaggg,0.333333333333333
atccttgaggga,0.333333333333333
tccttgagggat,0.333333333333333
ccttgagggatt,0.333333333333333
cttgagggattc,0.333333333333333
ttgagggattca,0.333333333333333
tgagggattcac,0.333333333333333
gagggattcaca,0.25
agggattcacac,0.2
gggattcacact,0.2
ggattcacactg,0.266666666666667
gattcacactgc,0.266666666666667
attcacactgcg,0.283333333333333
ttcacactgcgg,0.283333333333333
tcacactgcggt,0.316666666666667
cacactgcggtc,0.316666666666667
acactgcggtca,0.316666666666667
cactgcggtcaa,0.316666666666667
actgcggtcaac,0.25
ctgcggtcaacc,0.25
tgcggtcaacct,0.25
gcggtcaacctg,0.283333333333333
cggtcaacctgc,0.283333333333333
ggtcaacctgcc,0.283333333333333
gtcaacctgccg,0.283333333333333
tcaacctgccgg,0.283333333333333
caacctgccggc,0.283333333333333
aacctgccggca,0.25
acctgccggcaa,0.333333333333333
cctgccggcaag,0.333333333333333
ctgccggcaaga,0.333333333333333
tgccggcaagat,0.333333333333333
gccggcaagata,0.333333333333333
ccggcaagatag,0.333333333333333
cggcaagatagc,0.333333333333333
ggcaagatagcc,0.333333333333333
gcaagatagcct,0.333333333333333
caagatagccta,0.25
aagatagcctac,0.2
agatagcctaca,0.2
gatagcctacaa,0.25
atagcctacaac,0.25
tagcctacaaca,0.25
agcctacaacag,0.25
gcctacaacagg,0.25
cctacaacaggc,0.25
ctacaacaggca,0.25
tacaacaggcac,0.25
acaacaggcacc,0.25
caacaggcaccg,0.25
aacaggcaccgc,0.25
acaggcaccgcg,0.25
caggcaccgcgt,0.25
aggcaccgcgtt,0.25
ggcaccgcgttg,0.25
gcaccgcgttga,0.25
caccgcgttgaa,0.25
accgcgttgaaa,0.25
ccgcgttgaaat,0.266666666666667
cgcgttgaaatg,0.35
gcgttgaaatgg,0.35
cgttgaaatgga,0.383333333333333
gttgaaatggat,0.383333333333333
ttgaaatggatc,0.383333333333333
tgaaatggatct,0.383333333333333
gaaatggatctc,0.383333333333333
aaatggatctcc,0.366666666666667
aatggatctcct,0.366666666666667
atggatctcctt,0.283333333333333
tggatctcctta,0.2
ggatctccttag,0.183333333333333
gatctccttaga,0.183333333333333
atctccttagaa,0.2
tctccttagaat,0.25
ctccttagaata,0.266666666666667
tccttagaatat,0.266666666666667
ccttagaatatt,0.266666666666667
cttagaatattg,0.266666666666667
ttagaatattgg,0.266666666666667
tagaatattgga,0.266666666666667
agaatattggac,0.266666666666667
gaatattggact,0.266666666666667
aatattggactt,0.266666666666667
atattggacttc,0.233333333333333
tattggacttcg,0.233333333333333
attggacttcgt,0.233333333333333
ttggacttcgtg,0.25
tggacttcgtgt,0.25
ggacttcgtgtc,0.25
gacttcgtgtcc,0.25
acttcgtgtccc,0.25
cttcgtgtcccc,0.25
ttcgtgtccccc,0.25
tcgtgtccccca,0.25
cgtgtcccccaa,0.25
gtgtcccccaag,0.25
tgtcccccaaga,0.25
gtcccccaagaa,0.25
tcccccaagaac,0.25
cccccaagaacg,0.25
ccccaagaacgc,0.25
cccaagaacgca,0.25
ccaagaacgcat,0.25
caagaacgcatt,0.266666666666667
aagaacgcattg,0.35
agaacgcattga,0.35
gaacgcattgag,0.4
aacgcattgagc,0.4
acgcattgagct,0.4
cgcattgagcta,0.433333333333333
gcattgagctat,0.433333333333333
cattgagctatt,0.4
attgagctatta,0.4
ttgagctattac,0.366666666666667
tgagctattaca,0.366666666666667
gagctattacat,0.283333333333333
agctattacatc,0.266666666666667
gctattacatct,0.266666666666667
ctattacatctt,0.183333333333333
tattacatcttc,0.183333333333333
attacatcttct,0.183333333333333
ttacatcttctg,0.183333333333333
tacatcttctgg,0.183333333333333
acatcttctggc,0.183333333333333
catcttctggct,0.183333333333333
atcttctggctc,0.183333333333333
tcttctggctca,0.183333333333333
cttctggctcag,0.183333333333333
ttctggctcagg,0.183333333333333
tctggctcaggg,0.183333333333333
ctggctcagggt,0.2
tggctcagggtc,0.2
ggctcagggtca,0.216666666666667
gctcagggtcat,0.216666666666667
ctcagggtcatt,0.233333333333333
tcagggtcatta,0.316666666666667
cagggtcattaa,0.316666666666667
agggtcattaat,0.283333333333333
gggtcattaata,0.283333333333333
ggtcattaatac,0.283333333333333
gtcattaatact,0.283333333333333
tcattaatactc,0.25
cattaatactcc,0.25
attaatactccc,0.25
ttaatactccca,0.25
taatactcccaa,0.25
aatactcccaat,0.333333333333333
atactcccaatc,0.333333333333333
tactcccaatcc,0.333333333333333
actcccaatcct,0.333333333333333
ctcccaatcctg,0.333333333333333
tcccaatcctgc,0.333333333333333
cccaatcctgcg,0.333333333333333
ccaatcctgcgc,0.333333333333333
caatcctgcgct,0.333333333333333
aatcctgcgcta,0.266666666666667
atcctgcgctac,0.216666666666667
tcctgcgctacg,0.216666666666667
cctgcgctacgt,0.283333333333333
ctgcgctacgta,0.283333333333333
tgcgctacgtat,0.283333333333333
gcgctacgtata,0.283333333333333
cgctacgtatat,0.283333333333333
gctacgtatatt,0.283333333333333
ctacgtatattc,0.25
tacgtatattct,0.25
acgtatattctg,0.25
cgtatattctgc,0.25
gtatattctgcg,0.25
tatattctgcgc,0.216666666666667
atattctgcgcg,0.216666666666667
tattctgcgcga,0.216666666666667
attctgcgcgac,0.216666666666667
ttctgcgcgact,0.2
tctgcgcgactc,0.2
ctgcgcgactcc,0.2
tgcgcgactcca,0.2
gcgcgactccat,0.2
cgcgactccata,0.2
gcgactccatac,0.2
cgactccatacg,0.183333333333333
gactccatacgt,0.216666666666667
actccatacgtg,0.3
ctccatacgtgc,0.3
tccatacgtgca,0.3
ccatacgtgcac,0.3
catacgtgcact,0.3
atacgtgcactg,0.35
tacgtgcactga,0.35
acgtgcactgat,0.35
cgtgcactgatt,0.35
gtgcactgattt,0.35
tgcactgatttg,0.35
gcactgatttgt,0.35
cactgatttgtg,0.333333333333333
actgatttgtgt,0.366666666666667
ctgatttgtgta,0.45
tgatttgtgtaa,0.45
gatttgtgtaac,0.45
atttgtgtaact,0.45
tttgtgtaacta,0.366666666666667
ttgtgtaactat,0.366666666666667
tgtgtaactatc,0.366666666666667
gtgtaactatca,0.366666666666667
tgtaactatcac,0.366666666666667
gtaactatcaca,0.283333333333333
taactatcacag,0.2
aactatcacagt,0.25
actatcacagtg,0.283333333333333
ctatcacagtga,0.366666666666667
tatcacagtgat,0.366666666666667
atcacagtgata,0.4
tcacagtgatac,0.4
cacagtgatacc,0.4
acagtgataccc,0.366666666666667
cagtgataccct,0.366666666666667
agtgataccctc,0.366666666666667
gtgataccctcc,0.366666666666667
tgataccctccc,0.283333333333333
gataccctcccc,0.2
ataccctccccg,0.166666666666667
taccctccccga,0.166666666666667
accctccccgac,0.166666666666667
ccctccccgaca,0.166666666666667
cctccccgacaa,0.25
ctccccgacaac,0.25
tccccgacaact,0.25
ccccgacaactt,0.25
cccgacaacttc,0.25
ccgacaacttcg,0.25
cgacaacttcgt,0.25
gacaacttcgtc,0.25
acaacttcgtct,0.25
caacttcgtctg,0.25
aacttcgtctgg,0.183333333333333
acttcgtctggt,0.216666666666667
cttcgtctggtc,0.216666666666667
ttcgtctggtcc,0.216666666666667
tcgtctggtccc,0.216666666666667
cgtctggtcccg,0.216666666666667
gtctggtcccgt,0.216666666666667
tctggtcccgtt,0.216666666666667
ctggtcccgtta,0.2
tggtcccgttag,0.266666666666667
ggtcccgttagc,0.266666666666667
gtcccgttagct,0.266666666666667
tcccgttagctc,0.266666666666667
cccgttagctcc,0.266666666666667
ccgttagctccc,0.266666666666667
cgttagctcccc,0.266666666666667
gttagctccccc,0.266666666666667
ttagctcccccc,0.183333333333333
tagctccccccg,0.166666666666667
agctccccccga,0.166666666666667
gctccccccgaa,0.166666666666667
ctccccccgaaa,0.183333333333333
tccccccgaaaa,0.183333333333333
ccccccgaaaat,0.25
cccccgaaaatt,0.25
ccccgaaaattt,0.266666666666667
cccgaaaatttg,0.35
ccgaaaatttgc,0.35
cgaaaatttgcg,0.366666666666667
gaaaatttgcgg,0.366666666666667
aaaatttgcggg,0.366666666666667
aaatttgcggga,0.366666666666667
aatttgcgggaa,0.366666666666667
atttgcgggaac,0.283333333333333
tttgcgggaaca,0.216666666666667
ttgcgggaacac,0.216666666666667
tgcgggaacacc,0.216666666666667
gcgggaacaccg,0.183333333333333
cgggaacaccgt,0.2
gggaacaccgtt,0.2
ggaacaccgttc,0.2
gaacaccgttcc,0.2
aacaccgttccc,0.2
acaccgttccct,0.2
caccgttcccta,0.2
accgttccctac,0.166666666666667
ccgttccctact,0.166666666666667
cgttccctacta,0.183333333333333
gttccctactag,0.183333333333333
ttccctactaga,0.183333333333333
tccctactagat,0.183333333333333
ccctactagatc,0.183333333333333
cctactagatct,0.183333333333333
ctactagatctc,0.183333333333333
tactagatctct,0.183333333333333
actagatctctc,0.183333333333333
ctagatctctcc,0.183333333333333
tagatctctcct,0.183333333333333
agatctctccta,0.183333333333333
gatctctcctat,0.183333333333333
atctctcctatt,0.183333333333333
tctctcctattt,0.2
ctctcctattta,0.2
tctcctatttag,0.233333333333333
ctcctatttagt,0.316666666666667
tcctatttagtg,0.316666666666667
cctatttagtgt,0.316666666666667
ctatttagtgtg,0.35
tatttagtgtgt,0.35
atttagtgtgtg,0.366666666666667
tttagtgtgtgg,0.366666666666667
ttagtgtgtggt,0.366666666666667
tagtgtgtggta,0.45
agtgtgtggtag,0.45
gtgtgtggtagg,0.45
tgtgtggtaggt,0.45
gtgtggtaggtc,0.45
tgtggtaggtct,0.45
gtggtaggtctg,0.366666666666667
tggtaggtctgg,0.283333333333333
ggtaggtctgga,0.25
gtaggtctggag,0.283333333333333
taggtctggagg,0.283333333333333
aggtctggaggc,0.283333333333333
ggtctggaggcg,0.283333333333333
gtctggaggcgc,0.283333333333333
tctggaggcgca,0.283333333333333
ctggaggcgcaa,0.333333333333333
tggaggcgcaat,0.416666666666667
ggaggcgcaatc,0.416666666666667
gaggcgcaatcg,0.416666666666667
aggcgcaatcgg,0.416666666666667
ggcgcaatcggt,0.416666666666667
gcgcaatcggtc,0.416666666666667
cgcaatcggtca,0.416666666666667
gcaatcggtcaa,0.416666666666667
caatcggtcaaa,0.333333333333333
aatcggtcaaac,0.25
atcggtcaaact,0.25
tcggtcaaacta,0.25
cggtcaaactat,0.25
ggtcaaactata,0.25
gtcaaactataa,0.25
tcaaactataag,0.25
caaactataagc,0.25
aaactataagcg,0.233333333333333
aactataagcgc,0.233333333333333
actataagcgcc,0.216666666666667
ctataagcgccg,0.2
tataagcgccgg,0.2
ataagcgccggg,0.183333333333333
taagcgccggga,0.183333333333333
aagcgccgggag,0.266666666666667
agcgccgggagc,0.266666666666667
gcgccgggagcg,0.266666666666667
cgccgggagcgc,0.266666666666667
gccgggagcgct,0.266666666666667
ccgggagcgctg,0.266666666666667
cgggagcgctga,0.266666666666667
gggagcgctgat,0.266666666666667
ggagcgctgatg,0.25
gagcgctgatgc,0.25
agcgctgatgcg,0.266666666666667
gcgctgatgcgc,0.266666666666667
cgctgatgcgcc,0.266666666666667
gctgatgcgcca,0.266666666666667
ctgatgcgccac,0.266666666666667
tgatgcgccaca,0.266666666666667
gatgcgccacac,0.266666666666667
atgcgccacacc,0.266666666666667
tgcgccacaccc,0.183333333333333
gcgccacacccg,0.183333333333333
cgccacacccgg,0.183333333333333
gccacacccggg,0.183333333333333
ccacacccgggc,0.166666666666667
cacacccgggcg,0.166666666666667
acacccgggcgc,0.166666666666667
cacccgggcgca,0.25
acccgggcgcaa,0.333333333333333
cccgggcgcaag,0.333333333333333
ccgggcgcaagt,0.366666666666667
cgggcgcaagtg,0.45
gggcgcaagtga,0.533333333333333
ggcgcaagtgac,0.533333333333333
gcgcaagtgacc,0.533333333333333
cgcaagtgacca,0.533333333333333
gcaagtgaccac,0.533333333333333
caagtgaccact,0.45
aagtgaccacta,0.366666666666667
agtgaccactat,0.333333333333333
gtgaccactata,0.333333333333333
tgaccactataa,0.25
gaccactataaa,0.216666666666667
accactataaaa,0.216666666666667
ccactataaaaa,0.216666666666667
cactataaaaaa,0.216666666666667
actataaaaaac,0.183333333333333
ctataaaaaact,0.183333333333333
tataaaaaactc,0.166666666666667
ataaaaaactcc,0.166666666666667
taaaaaactcct,0.166666666666667
aaaaaactcctc,0.166666666666667
aaaaactcctct,0.166666666666667
aaaactcctcta,0.166666666666667
aaactcctctat,0.183333333333333
aactcctctatg,0.266666666666667
actcctctatgg,0.266666666666667
ctcctctatggt,0.266666666666667
tcctctatggta,0.3
cctctatggtac,0.3
ctctatggtacc,0.3
tctatggtacct,0.3
ctatggtaccta,0.3
tatggtacctag,0.3
atggtacctaga,0.283333333333333
tggtacctagaa,0.283333333333333
ggtacctagaaa,0.25
gtacctagaaaa,0.25
tacctagaaaac,0.183333333333333
acctagaaaacc,0.183333333333333
cctagaaaacca,0.183333333333333
ctagaaaaccag,0.183333333333333
tagaaaaccagc,0.183333333333333
agaaaaccagcc,0.183333333333333
gaaaaccagcca,0.183333333333333
aaaaccagccag,0.183333333333333
aaaccagccagg,0.2
aaccagccaggg,0.2
accagccagggg,0.216666666666667
ccagccaggggg,0.216666666666667
cagccagggggc,0.216666666666667
agccagggggca,0.25
gccagggggcat,0.25
ccagggggcata,0.25
cagggggcataa,0.25
agggggcataag,0.25
gggggcataagt,0.3
ggggcataagtt,0.3
gggcataagttt,0.3
ggcataagtttt,0.3
gcataagttttc,0.3
cataagttttca,0.266666666666667
ataagttttcag,0.266666666666667
taagttttcagc,0.266666666666667
aagttttcagcg,0.25
agttttcagcgt,0.25
gttttcagcgtt,0.2
ttttcagcgtta,0.216666666666667
tttcagcgttaa,0.216666666666667
ttcagcgttaac,0.216666666666667
tcagcgttaact,0.216666666666667
cagcgttaactg,0.216666666666667
agcgttaactga,0.25
gcgttaactgag,0.333333333333333
cgttaactgagc,0.333333333333333
gttaactgagcc,0.333333333333333
ttaactgagccg,0.333333333333333
taactgagccgt,0.333333333333333
aactgagccgtt,0.333333333333333
actgagccgttt,0.333333333333333
ctgagccgtttg,0.333333333333333
tgagccgtttgg,0.333333333333333
gagccgtttgga,0.25
agccgtttggaa,0.216666666666667
gccgtttggaat,0.266666666666667
ccgtttggaata,0.3
cgtttggaatac,0.3
gtttggaatact,0.3
tttggaatacta,0.3
ttggaatactaa,0.3
tggaatactaag,0.3
ggaatactaagc,0.266666666666667
gaatactaagct,0.266666666666667
aatactaagctg,0.25
atactaagctga,0.283333333333333
tactaagctgac,0.283333333333333
actaagctgacc,0.283333333333333
ctaagctgaccc,0.283333333333333
taagctgaccca,0.283333333333333
aagctgacccac,0.283333333333333
agctgacccact,0.25
gctgacccacta,0.25
ctgacccactaa,0.25
tgacccactaag,0.25
gacccactaaga,0.216666666666667
acccactaagaa,0.216666666666667
cccactaagaaa,0.216666666666667
ccactaagaaat,0.266666666666667
cactaagaaata,0.266666666666667
actaagaaatag,0.266666666666667
ctaagaaataga,0.266666666666667
taagaaatagaa,0.266666666666667
aagaaatagaat,0.266666666666667
agaaatagaatt,0.266666666666667
gaaatagaatta,0.266666666666667
aaatagaattag,0.25
aatagaattagt,0.316666666666667
atagaattagtt,0.316666666666667
tagaattagtta,0.316666666666667
agaattagttat,0.316666666666667
gaattagttata,0.316666666666667
aattagttatac,0.316666666666667
attagttatacg,0.266666666666667
ttagttatacgc,0.266666666666667
tagttatacgca,0.25
agttatacgcaa,0.333333333333333
gttatacgcaag,0.333333333333333
ttatacgcaagg,0.35
tatacgcaaggc,0.35
atacgcaaggca,0.35
tacgcaaggcag,0.35
acgcaaggcagt,0.4
cgcaaggcagtt,0.4
gcaaggcagttc,0.4
caaggcagttca,0.316666666666667
aaggcagttcaa,0.266666666666667
aggcagttcaac,0.266666666666667
ggcagttcaacc,0.266666666666667
gcagttcaaccc,0.266666666666667
cagttcaacccc,0.25
agttcaaccccc,0.25
gttcaacccccg,0.25
ttcaacccccgt,0.25
tcaacccccgtc,0.25
caacccccgtcc,0.25
aacccccgtcct,0.166666666666667
acccccgtccta,0.166666666666667
cccccgtcctag,0.166666666666667
ccccgtcctagt,0.25
cccgtcctagtc,0.25
ccgtcctagtcc,0.25
cgtcctagtcca,0.25
gtcctagtccaa,0.25
tcctagtccaac,0.25
cctagtccaact,0.25
ctagtccaactg,0.283333333333333
tagtccaactgg,0.283333333333333
agtccaactggc,0.283333333333333
gtccaactggca,0.283333333333333
tccaactggcaa,0.333333333333333
ccaactggcaaa,0.333333333333333
caactggcaaag,0.35
aactggcaaagg,0.35
actggcaaaggc,0.35
ctggcaaaggca,0.35
tggcaaaggcac,0.35
ggcaaaggcaca,0.35
gcaaaggcacaa,0.35
caaaggcacaac,0.266666666666667
aaaggcacaact,0.25
aaggcacaactc,0.25
aggcacaactcc,0.25
ggcacaactccc,0.25
gcacaactcccc,0.25
cacaactcccca,0.25
acaactccccac,0.25
caactccccacg,0.25
aactccccacgg,0.166666666666667
actccccacgga,0.166666666666667
ctccccacggat,0.166666666666667
tccccacggatt,0.183333333333333
ccccacggattc,0.183333333333333
cccacggattcc,0.183333333333333
ccacggattccg,0.183333333333333
cacggattccgt,0.183333333333333
acggattccgta,0.25
cggattccgtaa,0.25
ggattccgtaag,0.266666666666667
gattccgtaaga,0.266666666666667
attccgtaagat,0.266666666666667
ttccgtaagatc,0.266666666666667
tccgtaagatca,0.266666666666667
ccgtaagatcac,0.266666666666667
cgtaagatcact,0.266666666666667
gtaagatcacta,0.266666666666667
taagatcactag,0.233333333333333
aagatcactaga,0.233333333333333
agatcactagat,0.2
gatcactagata,0.2
atcactagatac,0.2
tcactagataca,0.2
cactagatacat,0.2
actagatacata,0.2
ctagatacataa,0.2
tagatacataag,0.2
agatacataagt,0.266666666666667
gatacataagtc,0.266666666666667
atacataagtcg,0.266666666666667
tacataagtcgt,0.266666666666667
acataagtcgtc,0.266666666666667
cataagtcgtcg,0.266666666666667
ataagtcgtcgt,0.266666666666667
taagtcgtcgtc,0.266666666666667
aagtcgtcgtca,0.25
agtcgtcgtcag,0.266666666666667
gtcgtcgtcaga,0.266666666666667
tcgtcgtcagat,0.266666666666667
cgtcgtcagatg,0.283333333333333
gtcgtcagatgt,0.366666666666667
tcgtcagatgtg,0.45
cgtcagatgtgt,0.45
gtcagatgtgtt,0.45
tcagatgtgtta,0.45
cagatgtgttac,0.45
agatgtgttact,0.416666666666667
gatgtgttactt,0.416666666666667
atgtgttacttc,0.416666666666667
tgtgttacttca,0.333333333333333
gtgttacttcat,0.283333333333333
tgttacttcatg,0.283333333333333
gttacttcatgc,0.25
ttacttcatgca,0.25
tacttcatgcaa,0.333333333333333
acttcatgcaaa,0.333333333333333
cttcatgcaaaa,0.333333333333333
ttcatgcaaaat,0.333333333333333
tcatgcaaaatc,0.333333333333333
catgcaaaatcc,0.333333333333333
atgcaaaatccc,0.333333333333333
tgcaaaatccca,0.333333333333333
gcaaaatcccac,0.333333333333333
caaaatcccaca,0.25
aaaatcccacaa,0.25
aaatcccacaaa,0.25
aatcccacaaaa,0.25
atcccacaaaaa,0.25
tcccacaaaaaa,0.25
cccacaaaaaat,0.25
ccacaaaaaatt,0.25
cacaaaaaatta,0.25
acaaaaaattat,0.25
caaaaaattatg,0.25
aaaaaattatgc,0.25
aaaaattatgcc,0.25
aaaattatgcca,0.25
aaattatgccaa,0.25
aattatgccaaa,0.25
attatgccaaag,0.266666666666667
ttatgccaaagc,0.266666666666667
tatgccaaagcc,0.266666666666667
atgccaaagcct,0.266666666666667
tgccaaagccta,0.266666666666667
gccaaagcctac,0.266666666666667
ccaaagcctacg,0.266666666666667
caaagcctacga,0.266666666666667
aaagcctacgat,0.183333333333333
aagcctacgatt,0.183333333333333
agcctacgatta,0.266666666666667
gcctacgattac,0.266666666666667
cctacgattact,0.266666666666667
ctacgattactg,0.266666666666667
tacgattactgt,0.266666666666667
acgattactgtc,0.266666666666667
cgattactgtca,0.283333333333333
gattactgtcat,0.283333333333333
attactgtcata,0.316666666666667
ttactgtcatag,0.316666666666667
tactgtcatagg,0.316666666666667
actgtcataggt,0.316666666666667
ctgtcataggtc,0.3
tgtcataggtct,0.3
gtcataggtctc,0.216666666666667
tcataggtctcg,0.216666666666667
cataggtctcgc,0.216666666666667
ataggtctcgct,0.183333333333333
taggtctcgctt,0.183333333333333
aggtctcgcttt,0.183333333333333
ggtctcgctttt,0.166666666666667
gtctcgcttttt,0.166666666666667
tctcgctttttc,0.166666666666667
ctcgctttttcc,0.166666666666667
tcgctttttcct,0.166666666666667
cgctttttcctt,0.166666666666667
gctttttcctta,0.166666666666667
ctttttccttaa,0.166666666666667
tttttccttaat,0.25
ttttccttaatt,0.25
tttccttaattc,0.25
ttccttaattcg,0.25
tccttaattcgg,0.25
ccttaattcggt,0.25
cttaattcggta,0.316666666666667
ttaattcggtag,0.316666666666667
taattcggtagg,0.316666666666667
aattcggtaggc,0.316666666666667
attcggtaggcc,0.25
ttcggtaggcca,0.25
tcggtaggccac,0.25
cggtaggccact,0.25
ggtaggccacta,0.25
gtaggccactaa,0.25
taggccactaag,0.183333333333333
aggccactaaga,0.216666666666667
ggccactaagaa,0.216666666666667
gccactaagaac,0.216666666666667
ccactaagaacg,0.216666666666667
cactaagaacgc,0.216666666666667
actaagaacgcc,0.2
ctaagaacgcca,0.2
taagaacgccag,0.216666666666667
aagaacgccagc,0.216666666666667
agaacgccagcc,0.216666666666667
gaacgccagcca,0.216666666666667
aacgccagccag,0.216666666666667
acgccagccagc,0.183333333333333
cgccagccagca,0.25
gccagccagcac,0.25
ccagccagcact,0.266666666666667
cagccagcactc,0.266666666666667
agccagcactct,0.283333333333333
gccagcactctt,0.283333333333333
ccagcactctta,0.3
cagcactcttat,0.3
agcactcttata,0.333333333333333
gcactcttatag,0.333333333333333
cactcttatagc,0.25
actcttatagcg,0.166666666666667
ctcttatagcga,0.216666666666667
tcttatagcgag,0.3
cttatagcgagg,0.3
ttatagcgaggc,0.3
tatagcgaggct,0.3
atagcgaggctt,0.3
tagcgaggcttg,0.266666666666667
agcgaggcttga,0.266666666666667
gcgaggcttgaa,0.266666666666667
cgaggcttgaag,0.25
gaggcttgaagc,0.25
aggcttgaagcc,0.25
ggcttgaagccc,0.25
gcttgaagccct,0.25
cttgaagccctt,0.25
ttgaagcccttg,0.25
tgaagcccttgt,0.25
gaagcccttgtg,0.333333333333333
aagcccttgtgg,0.333333333333333
agcccttgtggg,0.35
gcccttgtgggc,0.35
cccttgtgggcc,0.35
ccttgtgggccg,0.35
cttgtgggccgt,0.35
ttgtgggccgta,0.35
tgtgggccgtag,0.35
