Subsequence,Contains
ggagcatcg,0.266666666666667
gagcatcgg,0.266666666666667
agcatcgga,0.266666666666667
gcatcggag,0.244444444444444
catcggagg,0.266666666666667
atcggaggt,0.377777777777778
tcggaggtg,0.488888888888889
cggaggtga,0.488888888888889
ggaggtgat,0.466666666666667
gaggtgatg,0.466666666666667
aggtgatgg,0.444444444444444
ggtgatggg,0.466666666666667
gtgatgggc,0.466666666666667
tgatgggca,0.466666666666667
gatgggcag,0.466666666666667
atgggcagg,0.355555555555556
tgggcaggc,0.333333333333333
gggcaggcg,0.333333333333333
ggcaggcgc,0.333333333333333
gcaggcgct,0.333333333333333
caggcgctc,0.333333333333333
aggcgctca,0.222222222222222
ggcgctcac,0.222222222222222
gcgctcaca,0.244444444444444
cgctcacat,0.355555555555556
gctcacata,0.355555555555556
ctcacataa,0.355555555555556
tcacataag,0.355555555555556
cacataagc,0.355555555555556
acataagct,0.266666666666667
cataagctg,0.355555555555556
ataagctga,0.355555555555556
taagctgat,0.355555555555556
aagctgatt,0.355555555555556
agctgattg,0.4
gctgattgg,0.4
ctgattgga,0.4
tgattggat,0.377777777777778
gattggatt,0.377777777777778
attggattc,0.333333333333333
ttggattcc,0.333333333333333
tggattccg,0.333333333333333
ggattccgt,0.333333333333333
gattccgtc,0.333333333333333
attccgtcc,0.222222222222222
ttccgtcca,0.222222222222222
tccgtccaa,0.222222222222222
ccgtccaat,0.266666666666667
cgtccaatg,0.377777777777778
gtccaatgt,0.488888888888889
tccaatgtc,0.488888888888889
ccaatgtca,0.488888888888889
caatgtcag,0.488888888888889
aatgtcagt,0.444444444444444
atgtcagtc,0.444444444444444
tgtcagtcc,0.333333333333333
gtcagtccg,0.333333333333333
tcagtccgg,0.333333333333333
cagtccggc,0.333333333333333
agtccggca,0.222222222222222
gtccggcaa,0.222222222222222
tccggcaat,0.266666666666667
ccggcaatg,0.377777777777778
cggcaatgt,0.488888888888889
ggcaatgtg,0.6
gcaatgtga,0.6
caatgtgag,0.6
aatgtgagt,0.555555555555556
atgtgagta,0.555555555555556
tgtgagtat,0.444444444444444
gtgagtatc,0.355555555555556
tgagtatct,0.355555555555556
gagtatctt,0.288888888888889
agtatcttg,0.288888888888889
gtatcttgc,0.244444444444444
tatcttgcc,0.244444444444444
atcttgccg,0.244444444444444
tcttgccgt,0.222222222222222
cttgccgtg,0.333333333333333
ttgccgtgg,0.333333333333333
tgccgtggt,0.333333333333333
gccgtggtc,0.333333333333333
ccgtggtca,0.333333333333333
cgtggtcaa,0.333333333333333
gtggtcaac,0.333333333333333
tggtcaacg,0.266666666666667
ggtcaacgg,0.222222222222222
gtcaacgga,0.244444444444444
tcaacggac,0.244444444444444
caacggact,0.244444444444444
aacggacta,0.244444444444444
acggactat,0.244444444444444
cggactata,0.244444444444444
ggactatag,0.222222222222222
gactatagt,0.266666666666667
actatagtc,0.266666666666667
ctatagtca,0.266666666666667
tatagtcac,0.266666666666667
atagtcact,0.266666666666667
tagtcactc,0.222222222222222
agtcactcc,0.222222222222222
gtcactccc,0.222222222222222
tcactccct,0.222222222222222
cactcccta,0.222222222222222
actccctaa,0.111111111111111
ctccctaag,0.222222222222222
tccctaaga,0.333333333333333
ccctaagag,0.333333333333333
cctaagagc,0.333333333333333
ctaagagcg,0.333333333333333
taagagcga,0.333333333333333
aagagcgat,0.333333333333333
agagcgata,0.333333333333333
gagcgatag,0.333333333333333
agcgataga,0.333333333333333
gcgatagag,0.333333333333333
cgatagagg,0.355555555555556
gatagaggg,0.355555555555556
atagaggga,0.355555555555556
tagagggat,0.355555555555556
agagggatt,0.355555555555556
gagggattg,0.377777777777778
agggattgt,0.488888888888889
gggattgtg,0.488888888888889
ggattgtga,0.488888888888889
gattgtgat,0.488888888888889
attgtgata,0.444444444444444
ttgtgataa,0.444444444444444
tgtgataag,0.444444444444444
gtgataagc,0.333333333333333
tgataagcc,0.333333333333333
gataagcca,0.333333333333333
ataagccag,0.333333333333333
taagccagc,0.333333333333333
aagccagct,0.355555555555556
agccagctc,0.355555555555556
gccagctct,0.377777777777778
ccagctcta,0.377777777777778
cagctctaa,0.377777777777778
agctctaaa,0.266666666666667
gctctaaaa,0.155555555555556
ctctaaaaa,0.133333333333333
tctaaaaat,0.244444444444444
ctaaaaata,0.244444444444444
taaaaatag,0.244444444444444
aaaaatagg,0.244444444444444
aaaataggt,0.288888888888889
aaataggtt,0.288888888888889
aataggttt,0.288888888888889
ataggtttg,0.377777777777778
taggtttgt,0.488888888888889
aggtttgta,0.488888888888889
ggtttgtag,0.377777777777778
gtttgtagt,0.377777777777778
tttgtagta,0.377777777777778
ttgtagtat,0.377777777777778
tgtagtata,0.377777777777778
gtagtataa,0.266666666666667
tagtataag,0.266666666666667
agtataagg,0.266666666666667
gtataaggc,0.244444444444444
tataaggca,0.222222222222222
ataaggcaa,0.222222222222222
taaggcaat,0.266666666666667
aaggcaatg,0.377777777777778
aggcaatga,0.377777777777778
ggcaatgaa,0.377777777777778
gcaatgaaa,0.377777777777778
caatgaaac,0.377777777777778
aatgaaacc,0.333333333333333
atgaaaccc,0.333333333333333
tgaaaccct,0.222222222222222
gaaaccctc,0.222222222222222
aaaccctct,0.133333333333333
aaccctctc,0.133333333333333
accctctca,0.222222222222222
ccctctcac,0.222222222222222
cctctcaca,0.244444444444444
ctctcacat,0.355555555555556
tctcacatc,0.355555555555556
ctcacatcg,0.355555555555556
tcacatcga,0.355555555555556
cacatcgag,0.355555555555556
acatcgagg,0.244444444444444
catcgaggt,0.355555555555556
atcgaggtt,0.355555555555556
tcgaggttt,0.377777777777778
cgaggtttt,0.377777777777778
gaggttttc,0.377777777777778
aggttttcc,0.266666666666667
ggttttccg,0.244444444444444
gttttccgg,0.244444444444444
ttttccggc,0.133333333333333
tttccggct,0.155555555555556
ttccggctg,0.266666666666667
tccggctgc,0.266666666666667
ccggctgct,0.266666666666667
cggctgctg,0.311111111111111
ggctgctgg,0.288888888888889
gctgctggc,0.288888888888889
ctgctggcc,0.266666666666667
tgctggccc,0.266666666666667
gctggccca,0.244444444444444
ctggcccat,0.222222222222222
tggcccatt,0.222222222222222
ggcccatta,0.222222222222222
gcccattag,0.222222222222222
cccattaga,0.333333333333333
ccattagaa,0.333333333333333
cattagaaa,0.333333333333333
attagaaaa,0.333333333333333
ttagaaaat,0.333333333333333
tagaaaatt,0.333333333333333
agaaaattg,0.333333333333333
gaaaattgt,0.4
aaaattgta,0.4
aaattgtag,0.4
aattgtagg,0.377777777777778
attgtaggt,0.377777777777778
ttgtaggta,0.333333333333333
tgtaggtat,0.333333333333333
gtaggtatt,0.266666666666667
taggtattc,0.266666666666667
aggtattct,0.266666666666667
ggtattctc,0.244444444444444
gtattctcc,0.244444444444444
tattctcca,0.222222222222222
attctccaa,0.222222222222222
ttctccaat,0.266666666666667
tctccaatt,0.266666666666667
ctccaattt,0.288888888888889
tccaatttc,0.288888888888889
ccaatttca,0.288888888888889
caatttcat,0.288888888888889
aatttcatg,0.333333333333333
atttcatga,0.333333333333333
tttcatgag,0.355555555555556
ttcatgagc,0.355555555555556
tcatgagct,0.355555555555556
catgagctc,0.355555555555556
atgagctca,0.355555555555556
tgagctcat,0.244444444444444
gagctcatg,0.333333333333333
agctcatgc,0.333333333333333
gctcatgcc,0.333333333333333
ctcatgcca,0.333333333333333
tcatgccat,0.333333333333333
catgccatc,0.333333333333333
atgccatcc,0.333333333333333
tgccatcct,0.222222222222222
gccatcctt,0.222222222222222
ccatccttg,0.222222222222222
catccttga,0.222222222222222
atccttgag,0.244444444444444
tccttgagg,0.244444444444444
ccttgaggg,0.244444444444444
cttgaggga,0.244444444444444
ttgagggat,0.333333333333333
tgagggatt,0.333333333333333
gagggattc,0.333333333333333
agggattca,0.333333333333333
gggattcac,0.333333333333333
ggattcaca,0.333333333333333
gattcacac,0.333333333333333
attcacact,0.244444444444444
ttcacactg,0.288888888888889
tcacactgc,0.288888888888889
cacactgcg,0.311111111111111
acactgcgg,0.244444444444444
cactgcggt,0.244444444444444
actgcggtc,0.244444444444444
ctgcggtca,0.244444444444444
tgcggtcaa,0.244444444444444
gcggtcaac,0.222222222222222
cggtcaacc,0.222222222222222
ggtcaacct,0.222222222222222
gtcaacctg,0.222222222222222
tcaacctgc,0.222222222222222
caacctgcc,0.222222222222222
aacctgccg,0.222222222222222
acctgccgg,0.222222222222222
cctgccggc,0.222222222222222
ctgccggca,0.222222222222222
tgccggcaa,0.222222222222222
gccggcaag,0.222222222222222
ccggcaaga,0.333333333333333
cggcaagat,0.444444444444444
ggcaagata,0.444444444444444
gcaagatag,0.444444444444444
caagatagc,0.444444444444444
aagatagcc,0.444444444444444
agatagcct,0.444444444444444
gatagccta,0.333333333333333
atagcctac,0.222222222222222
tagcctaca,0.222222222222222
agcctacaa,0.222222222222222
gcctacaac,0.222222222222222
cctacaaca,0.222222222222222
ctacaacag,0.333333333333333
tacaacagg,0.333333333333333
acaacaggc,0.333333333333333
caacaggca,0.333333333333333
aacaggcac,0.333333333333333
acaggcacc,0.333333333333333
caggcaccg,0.333333333333333
aggcaccgc,0.222222222222222
ggcaccgcg,0.222222222222222
gcaccgcgt,0.244444444444444
caccgcgtt,0.244444444444444
accgcgttg,0.244444444444444
ccgcgttga,0.244444444444444
cgcgttgaa,0.244444444444444
gcgttgaaa,0.244444444444444
cgttgaaat,0.244444444444444
gttgaaatg,0.355555555555556
ttgaaatgg,0.355555555555556
tgaaatgga,0.355555555555556
gaaatggat,0.355555555555556
aaatggatc,0.355555555555556
aatggatct,0.355555555555556
atggatctc,0.355555555555556
tggatctcc,0.355555555555556
ggatctcct,0.355555555555556
gatctcctt,0.355555555555556
atctcctta,0.244444444444444
tctccttag,0.222222222222222
ctccttaga,0.333333333333333
tccttagaa,0.333333333333333
ccttagaat,0.333333333333333
cttagaata,0.333333333333333
ttagaatat,0.333333333333333
tagaatatt,0.333333333333333
agaatattg,0.333333333333333
gaatattgg,0.288888888888889
aatattgga,0.288888888888889
atattggac,0.288888888888889
tattggact,0.266666666666667
attggactt,0.266666666666667
ttggacttc,0.222222222222222
tggacttcg,0.222222222222222
ggacttcgt,0.222222222222222
gacttcgtg,0.333333333333333
acttcgtgt,0.444444444444444
cttcgtgtc,0.444444444444444
ttcgtgtcc,0.444444444444444
tcgtgtccc,0.444444444444444
cgtgtcccc,0.444444444444444
gtgtccccc,0.444444444444444
tgtccccca,0.333333333333333
gtcccccaa,0.222222222222222
tcccccaag,0.222222222222222
cccccaaga,0.333333333333333
ccccaagaa,0.333333333333333
cccaagaac,0.333333333333333
ccaagaacg,0.333333333333333
caagaacgc,0.333333333333333
aagaacgca,0.333333333333333
agaacgcat,0.333333333333333
gaacgcatt,0.222222222222222
aacgcattg,0.266666666666667
acgcattga,0.266666666666667
cgcattgag,0.266666666666667
gcattgagc,0.266666666666667
cattgagct,0.266666666666667
attgagcta,0.266666666666667
ttgagctat,0.266666666666667
tgagctatt,0.266666666666667
gagctatta,0.266666666666667
agctattac,0.266666666666667
gctattaca,0.222222222222222
ctattacat,0.244444444444444
tattacatc,0.244444444444444
attacatct,0.266666666666667
ttacatctt,0.266666666666667
tacatcttc,0.266666666666667
acatcttct,0.266666666666667
catcttctg,0.244444444444444
atcttctgg,0.244444444444444
tcttctggc,0.244444444444444
cttctggct,0.244444444444444
ttctggctc,0.244444444444444
tctggctca,0.244444444444444
ctggctcag,0.333333333333333
tggctcagg,0.333333333333333
ggctcaggg,0.333333333333333
gctcagggt,0.333333333333333
ctcagggtc,0.333333333333333
tcagggtca,0.333333333333333
cagggtcat,0.333333333333333
agggtcatt,0.244444444444444
gggtcatta,0.244444444444444
ggtcattaa,0.222222222222222
gtcattaat,0.222222222222222
tcattaata,0.222222222222222
cattaatac,0.222222222222222
attaatact,0.222222222222222
ttaatactc,0.222222222222222
taatactcc,0.222222222222222
aatactccc,0.222222222222222
atactccca,0.222222222222222
tactcccaa,0.222222222222222
actcccaat,0.266666666666667
ctcccaatc,0.266666666666667
tcccaatcc,0.266666666666667
cccaatcct,0.266666666666667
ccaatcctg,0.266666666666667
caatcctgc,0.266666666666667
aatcctgcg,0.244444444444444
atcctgcgc,0.244444444444444
tcctgcgct,0.244444444444444
cctgcgcta,0.244444444444444
ctgcgctac,0.244444444444444
tgcgctacg,0.244444444444444
gcgctacgt,0.244444444444444
cgctacgta,0.244444444444444
gctacgtat,0.266666666666667
ctacgtata,0.266666666666667
tacgtatat,0.266666666666667
acgtatatt,0.266666666666667
cgtatattc,0.244444444444444
gtatattct,0.244444444444444
tatattctg,0.244444444444444
atattctgc,0.244444444444444
tattctgcg,0.244444444444444
attctgcgc,0.244444444444444
ttctgcgcg,0.244444444444444
tctgcgcga,0.244444444444444
ctgcgcgac,0.244444444444444
tgcgcgact,0.244444444444444
gcgcgactc,0.222222222222222
cgcgactcc,0.222222222222222
gcgactcca,0.222222222222222
cgactccat,0.222222222222222
gactccata,0.244444444444444
actccatac,0.244444444444444
ctccatacg,0.266666666666667
tccatacgt,0.377777777777778
ccatacgtg,0.488888888888889
catacgtgc,0.488888888888889
atacgtgca,0.377777777777778
tacgtgcac,0.355555555555556
acgtgcact,0.355555555555556
cgtgcactg,0.333333333333333
gtgcactga,0.333333333333333
tgcactgat,0.355555555555556
gcactgatt,0.355555555555556
cactgattt,0.377777777777778
actgatttg,0.488888888888889
ctgatttgt,0.6
tgatttgtg,0.577777777777778
gatttgtgt,0.577777777777778
atttgtgta,0.555555555555556
tttgtgtaa,0.555555555555556
ttgtgtaac,0.555555555555556
tgtgtaact,0.555555555555556
gtgtaacta,0.444444444444444
tgtaactat,0.333333333333333
gtaactatc,0.222222222222222
taactatca,0.222222222222222
aactatcac,0.222222222222222
actatcaca,0.244444444444444
ctatcacag,0.333333333333333
tatcacagt,0.333333333333333
atcacagtg,0.4
tcacagtga,0.4
cacagtgat,0.4
acagtgata,0.377777777777778
cagtgatac,0.377777777777778
agtgatacc,0.333333333333333
gtgataccc,0.333333333333333
tgataccct,0.333333333333333
gataccctc,0.333333333333333
ataccctcc,0.222222222222222
taccctccc,0.111111111111111
accctcccc,0.111111111111111
ccctccccg,0.133333333333333
cctccccga,0.244444444444444
ctccccgac,0.244444444444444
tccccgaca,0.244444444444444
ccccgacaa,0.244444444444444
cccgacaac,0.244444444444444
ccgacaact,0.244444444444444
cgacaactt,0.222222222222222
gacaacttc,0.222222222222222
acaacttcg,0.222222222222222
caacttcgt,0.222222222222222
aacttcgtc,0.222222222222222
acttcgtct,0.244444444444444
cttcgtctg,0.244444444444444
ttcgtctgg,0.244444444444444
tcgtctggt,0.266666666666667
cgtctggtc,0.266666666666667
gtctggtcc,0.266666666666667
tctggtccc,0.266666666666667
ctggtcccg,0.266666666666667
tggtcccgt,0.266666666666667
ggtcccgtt,0.222222222222222
gtcccgtta,0.222222222222222
tcccgttag,0.222222222222222
cccgttagc,0.222222222222222
ccgttagct,0.244444444444444
cgttagctc,0.244444444444444
gttagctcc,0.244444444444444
ttagctccc,0.244444444444444
tagctcccc,0.244444444444444
agctccccc,0.244444444444444
gctcccccc,0.133333333333333
ctccccccg,0.133333333333333
tccccccga,0.244444444444444
ccccccgaa,0.244444444444444
cccccgaaa,0.244444444444444
ccccgaaaa,0.244444444444444
cccgaaaat,0.244444444444444
ccgaaaatt,0.244444444444444
cgaaaattt,0.266666666666667
gaaaatttg,0.377777777777778
aaaatttgc,0.377777777777778
aaatttgcg,0.377777777777778
aatttgcgg,0.355555555555556
atttgcggg,0.355555555555556
tttgcggga,0.244444444444444
ttgcgggaa,0.244444444444444
tgcgggaac,0.244444444444444
gcgggaaca,0.222222222222222
cgggaacac,0.222222222222222
gggaacacc,0.222222222222222
ggaacaccg,0.222222222222222
gaacaccgt,0.222222222222222
aacaccgtt,0.222222222222222
acaccgttc,0.222222222222222
caccgttcc,0.222222222222222
accgttccc,0.222222222222222
ccgttccct,0.222222222222222
cgttcccta,0.222222222222222
gttccctac,0.222222222222222
ttccctact,0.111111111111111
tccctacta,0.111111111111111
ccctactag,0.222222222222222
cctactaga,0.333333333333333
ctactagat,0.444444444444444
tactagatc,0.444444444444444
actagatct,0.466666666666667
ctagatctc,0.466666666666667
tagatctct,0.488888888888889
agatctctc,0.488888888888889
gatctctcc,0.377777777777778
atctctcct,0.266666666666667
tctctccta,0.155555555555556
ctctcctat,0.222222222222222
tctcctatt,0.222222222222222
ctcctattt,0.244444444444444
tcctattta,0.244444444444444
cctatttag,0.244444444444444
ctatttagt,0.288888888888889
tatttagtg,0.333333333333333
atttagtgt,0.444444444444444
tttagtgtg,0.488888888888889
ttagtgtgt,0.6
tagtgtgtg,0.6
agtgtgtgg,0.6
gtgtgtggt,0.555555555555556
tgtgtggta,0.555555555555556
gtgtggtag,0.444444444444444
tgtggtagg,0.444444444444444
gtggtaggt,0.333333333333333
tggtaggtc,0.266666666666667
ggtaggtct,0.266666666666667
gtaggtctg,0.377777777777778
taggtctgg,0.377777777777778
aggtctgga,0.377777777777778
ggtctggag,0.266666666666667
gtctggagg,0.244444444444444
tctggaggc,0.244444444444444
ctggaggcg,0.266666666666667
tggaggcgc,0.266666666666667
ggaggcgca,0.266666666666667
gaggcgcaa,0.266666666666667
aggcgcaat,0.266666666666667
ggcgcaatc,0.266666666666667
gcgcaatcg,0.266666666666667
cgcaatcgg,0.266666666666667
gcaatcggt,0.311111111111111
caatcggtc,0.311111111111111
aatcggtca,0.266666666666667
atcggtcaa,0.266666666666667
tcggtcaaa,0.244444444444444
cggtcaaac,0.244444444444444
ggtcaaact,0.244444444444444
gtcaaacta,0.244444444444444
tcaaactat,0.244444444444444
caaactata,0.244444444444444
aaactataa,0.222222222222222
aactataag,0.222222222222222
actataagc,0.222222222222222
ctataagcg,0.222222222222222
tataagcgc,0.222222222222222
ataagcgcc,0.222222222222222
taagcgccg,0.222222222222222
aagcgccgg,0.222222222222222
agcgccggg,0.222222222222222
gcgccggga,0.222222222222222
cgccgggag,0.222222222222222
gccgggagc,0.222222222222222
ccgggagcg,0.222222222222222
cgggagcgc,0.222222222222222
gggagcgct,0.222222222222222
ggagcgctg,0.244444444444444
gagcgctga,0.244444444444444
agcgctgat,0.355555555555556
gcgctgatg,0.466666666666667
cgctgatgc,0.466666666666667
gctgatgcg,0.488888888888889
ctgatgcgc,0.488888888888889
tgatgcgcc,0.466666666666667
gatgcgcca,0.466666666666667
atgcgccac,0.355555555555556
tgcgccaca,0.244444444444444
gcgccacac,0.244444444444444
cgccacacc,0.244444444444444
gccacaccc,0.244444444444444
ccacacccg,0.244444444444444
cacacccgg,0.244444444444444
acacccggg,0.222222222222222
cacccgggc,0.222222222222222
acccgggcg,0.133333333333333
cccgggcgc,0.133333333333333
ccgggcgca,0.222222222222222
cgggcgcaa,0.222222222222222
gggcgcaag,0.222222222222222
ggcgcaagt,0.244444444444444
gcgcaagtg,0.355555555555556
cgcaagtga,0.355555555555556
gcaagtgac,0.355555555555556
caagtgacc,0.355555555555556
aagtgacca,0.355555555555556
agtgaccac,0.333333333333333
gtgaccact,0.333333333333333
tgaccacta,0.222222222222222
gaccactat,0.222222222222222
accactata,0.222222222222222
ccactataa,0.222222222222222
cactataaa,0.222222222222222
actataaaa,0.222222222222222
ctataaaaa,0.222222222222222
tataaaaaa,0.222222222222222
ataaaaaac,0.222222222222222
taaaaaact,0.133333333333333
aaaaaactc,0.133333333333333
aaaaactcc,0.133333333333333
aaaactcct,0.133333333333333
aaactcctc,0.133333333333333
aactcctct,0.133333333333333
actcctcta,0.133333333333333
ctcctctat,0.222222222222222
tcctctatg,0.333333333333333
cctctatgg,0.333333333333333
ctctatggt,0.377777777777778
tctatggta,0.377777777777778
ctatggtac,0.377777777777778
tatggtacc,0.377777777777778
atggtacct,0.377777777777778
tggtaccta,0.266666666666667
ggtacctag,0.222222222222222
gtacctaga,0.333333333333333
tacctagaa,0.333333333333333
acctagaaa,0.333333333333333
cctagaaaa,0.333333333333333
ctagaaaac,0.333333333333333
tagaaaacc,0.333333333333333
agaaaacca,0.333333333333333
gaaaaccag,0.333333333333333
aaaaccagc,0.333333333333333
aaaccagcc,0.333333333333333
aaccagcca,0.333333333333333
accagccag,0.333333333333333
ccagccagg,0.333333333333333
cagccaggg,0.333333333333333
agccagggg,0.333333333333333
gccaggggg,0.333333333333333
ccagggggc,0.333333333333333
cagggggca,0.333333333333333
agggggcat,0.222222222222222
gggggcata,0.244444444444444
ggggcataa,0.244444444444444
gggcataag,0.266666666666667
ggcataagt,0.377777777777778
gcataagtt,0.377777777777778
cataagttt,0.4
ataagtttt,0.288888888888889
taagttttc,0.266666666666667
aagttttca,0.266666666666667
agttttcag,0.333333333333333
gttttcagc,0.333333333333333
ttttcagcg,0.333333333333333
tttcagcgt,0.333333333333333
ttcagcgtt,0.333333333333333
tcagcgtta,0.333333333333333
cagcgttaa,0.333333333333333
agcgttaac,0.244444444444444
gcgttaact,0.244444444444444
cgttaactg,0.222222222222222
gttaactga,0.244444444444444
ttaactgag,0.244444444444444
taactgagc,0.244444444444444
aactgagcc,0.244444444444444
actgagccg,0.244444444444444
ctgagccgt,0.266666666666667
tgagccgtt,0.266666666666667
gagccgttt,0.288888888888889
agccgtttg,0.288888888888889
gccgtttgg,0.244444444444444
ccgtttgga,0.244444444444444
cgtttggaa,0.244444444444444
gtttggaat,0.244444444444444
tttggaata,0.244444444444444
ttggaatac,0.222222222222222
tggaatact,0.222222222222222
ggaatacta,0.222222222222222
gaatactaa,0.222222222222222
aatactaag,0.222222222222222
atactaagc,0.222222222222222
tactaagct,0.244444444444444
actaagctg,0.355555555555556
ctaagctga,0.355555555555556
taagctgac,0.355555555555556
aagctgacc,0.355555555555556
agctgaccc,0.355555555555556
gctgaccca,0.244444444444444
ctgacccac,0.244444444444444
tgacccact,0.222222222222222
gacccacta,0.222222222222222
acccactaa,0.222222222222222
cccactaag,0.222222222222222
ccactaaga,0.333333333333333
cactaagaa,0.333333333333333
actaagaaa,0.333333333333333
ctaagaaat,0.333333333333333
taagaaata,0.333333333333333
aagaaatag,0.333333333333333
agaaataga,0.333333333333333
gaaatagaa,0.333333333333333
aaatagaat,0.333333333333333
aatagaatt,0.333333333333333
atagaatta,0.333333333333333
tagaattag,0.333333333333333
agaattagt,0.333333333333333
gaattagtt,0.266666666666667
aattagtta,0.266666666666667
attagttat,0.266666666666667
ttagttata,0.266666666666667
tagttatac,0.266666666666667
agttatacg,0.266666666666667
gttatacgc,0.222222222222222
ttatacgca,0.222222222222222
tatacgcaa,0.222222222222222
atacgcaag,0.222222222222222
tacgcaagg,0.222222222222222
acgcaaggc,0.222222222222222
cgcaaggca,0.222222222222222
gcaaggcag,0.333333333333333
caaggcagt,0.333333333333333
aaggcagtt,0.355555555555556
aggcagttc,0.355555555555556
ggcagttca,0.355555555555556
gcagttcaa,0.355555555555556
cagttcaac,0.355555555555556
agttcaacc,0.244444444444444
gttcaaccc,0.222222222222222
ttcaacccc,0.222222222222222
tcaaccccc,0.222222222222222
caacccccg,0.222222222222222
aacccccgt,0.222222222222222
acccccgtc,0.222222222222222
cccccgtcc,0.222222222222222
ccccgtcct,0.222222222222222
cccgtccta,0.222222222222222
ccgtcctag,0.222222222222222
cgtcctagt,0.222222222222222
gtcctagtc,0.222222222222222
tcctagtcc,0.222222222222222
cctagtcca,0.222222222222222
ctagtccaa,0.222222222222222
tagtccaac,0.222222222222222
agtccaact,0.222222222222222
gtccaactg,0.266666666666667
tccaactgg,0.266666666666667
ccaactggc,0.266666666666667
caactggca,0.266666666666667
aactggcaa,0.222222222222222
actggcaaa,0.244444444444444
ctggcaaag,0.244444444444444
tggcaaagg,0.266666666666667
ggcaaaggc,0.266666666666667
gcaaaggca,0.266666666666667
caaaggcac,0.266666666666667
aaaggcaca,0.244444444444444
aaggcacaa,0.244444444444444
aggcacaac,0.244444444444444
ggcacaact,0.244444444444444
gcacaactc,0.244444444444444
cacaactcc,0.244444444444444
acaactccc,0.222222222222222
caactcccc,0.222222222222222
aactcccca,0.222222222222222
actccccac,0.222222222222222
ctccccacg,0.222222222222222
tccccacgg,0.222222222222222
ccccacgga,0.244444444444444
cccacggat,0.355555555555556
ccacggatt,0.355555555555556
cacggattc,0.355555555555556
acggattcc,0.355555555555556
cggattccg,0.355555555555556
ggattccgt,0.333333333333333
gattccgta,0.333333333333333
attccgtaa,0.222222222222222
ttccgtaag,0.222222222222222
tccgtaaga,0.333333333333333
ccgtaagat,0.444444444444444
cgtaagatc,0.444444444444444
gtaagatca,0.444444444444444
taagatcac,0.444444444444444
aagatcact,0.444444444444444
agatcacta,0.444444444444444
gatcactag,0.333333333333333
atcactaga,0.333333333333333
tcactagat,0.444444444444444
cactagata,0.444444444444444
actagatac,0.444444444444444
ctagataca,0.444444444444444
tagatacat,0.444444444444444
agatacata,0.444444444444444
gatacataa,0.333333333333333
atacataag,0.266666666666667
tacataagt,0.377777777777778
acataagtc,0.377777777777778
cataagtcg,0.377777777777778
ataagtcgt,0.311111111111111
taagtcgtc,0.288888888888889
aagtcgtcg,0.288888888888889
agtcgtcgt,0.311111111111111
gtcgtcgtc,0.266666666666667
tcgtcgtca,0.266666666666667
cgtcgtcag,0.333333333333333
gtcgtcaga,0.444444444444444
tcgtcagat,0.555555555555556
cgtcagatg,0.666666666666667
gtcagatgt,0.777777777777778
tcagatgtg,0.888888888888889
cagatgtgt,1
agatgtgtt,0.888888888888889
gatgtgtta,0.777777777777778
atgtgttac,0.666666666666667
tgtgttact,0.555555555555556
gtgttactt,0.444444444444444
tgttacttc,0.333333333333333
gttacttca,0.222222222222222
ttacttcat,0.222222222222222
tacttcatg,0.333333333333333
acttcatgc,0.333333333333333
cttcatgca,0.333333333333333
ttcatgcaa,0.333333333333333
tcatgcaaa,0.333333333333333
catgcaaaa,0.333333333333333
atgcaaaat,0.333333333333333
tgcaaaatc,0.244444444444444
gcaaaatcc,0.244444444444444
caaaatccc,0.244444444444444
aaaatccca,0.244444444444444
aaatcccac,0.244444444444444
aatcccaca,0.244444444444444
atcccacaa,0.244444444444444
tcccacaaa,0.244444444444444
cccacaaaa,0.244444444444444
ccacaaaaa,0.244444444444444
cacaaaaaa,0.244444444444444
acaaaaaat,0.244444444444444
caaaaaatt,0.244444444444444
aaaaaatta,0.244444444444444
aaaaattat,0.244444444444444
aaaattatg,0.333333333333333
aaattatgc,0.333333333333333
aattatgcc,0.333333333333333
attatgcca,0.333333333333333
ttatgccaa,0.333333333333333
tatgccaaa,0.333333333333333
atgccaaag,0.333333333333333
tgccaaagc,0.244444444444444
gccaaagcc,0.244444444444444
ccaaagcct,0.244444444444444
caaagccta,0.244444444444444
aaagcctac,0.222222222222222
aagcctacg,0.222222222222222
agcctacga,0.222222222222222
gcctacgat,0.333333333333333
cctacgatt,0.333333333333333
ctacgatta,0.333333333333333
tacgattac,0.333333333333333
acgattact,0.333333333333333
cgattactg,0.333333333333333
gattactgt,0.333333333333333
attactgtc,0.333333333333333
ttactgtca,0.333333333333333
tactgtcat,0.333333333333333
actgtcata,0.333333333333333
ctgtcatag,0.333333333333333
tgtcatagg,0.333333333333333
gtcataggt,0.377777777777778
tcataggtc,0.377777777777778
cataggtct,0.4
ataggtctc,0.288888888888889
taggtctcg,0.266666666666667
aggtctcgc,0.266666666666667
ggtctcgct,0.244444444444444
gtctcgctt,0.244444444444444
tctcgcttt,0.155555555555556
ctcgctttt,0.155555555555556
tcgcttttt,0.177777777777778
cgctttttc,0.177777777777778
gctttttcc,0.177777777777778
ctttttcct,0.155555555555556
tttttcctt,0.155555555555556
ttttcctta,0.133333333333333
tttccttaa,0.133333333333333
ttccttaat,0.222222222222222
tccttaatt,0.222222222222222
ccttaattc,0.222222222222222
cttaattcg,0.222222222222222
ttaattcgg,0.222222222222222
taattcggt,0.222222222222222
aattcggta,0.222222222222222
attcggtag,0.222222222222222
ttcggtagg,0.222222222222222
tcggtaggc,0.222222222222222
cggtaggcc,0.222222222222222
ggtaggcca,0.222222222222222
gtaggccac,0.222222222222222
taggccact,0.222222222222222
aggccacta,0.222222222222222
ggccactaa,0.222222222222222
gccactaag,0.222222222222222
ccactaaga,0.333333333333333
cactaagaa,0.333333333333333
actaagaac,0.333333333333333
ctaagaacg,0.333333333333333
taagaacgc,0.333333333333333
aagaacgcc,0.333333333333333
agaacgcca,0.333333333333333
gaacgccag,0.333333333333333
aacgccagc,0.333333333333333
acgccagcc,0.333333333333333
cgccagcca,0.333333333333333
gccagccag,0.333333333333333
ccagccagc,0.333333333333333
cagccagca,0.333333333333333
agccagcac,0.333333333333333
gccagcact,0.333333333333333
ccagcactc,0.333333333333333
cagcactct,0.333333333333333
agcactctt,0.222222222222222
gcactctta,0.222222222222222
cactcttat,0.222222222222222
actcttata,0.222222222222222
ctcttatag,0.222222222222222
tcttatagc,0.222222222222222
cttatagcg,0.222222222222222
ttatagcga,0.222222222222222
tatagcgag,0.222222222222222
atagcgagg,0.244444444444444
tagcgaggc,0.244444444444444
agcgaggct,0.244444444444444
gcgaggctt,0.244444444444444
cgaggcttg,0.244444444444444
gaggcttga,0.244444444444444
aggcttgaa,0.222222222222222
ggcttgaag,0.244444444444444
gcttgaagc,0.244444444444444
cttgaagcc,0.244444444444444
ttgaagccc,0.244444444444444
tgaagccct,0.244444444444444
gaagccctt,0.244444444444444
aagcccttg,0.222222222222222
agcccttgt,0.333333333333333
gcccttgtg,0.444444444444444
cccttgtgg,0.444444444444444
ccttgtggg,0.444444444444444
cttgtgggc,0.444444444444444
ttgtgggcc,0.444444444444444
tgtgggccg,0.444444444444444
gtgggccgt,0.333333333333333
tgggccgta,0.244444444444444
gggccgtag,0.222222222222222
