Subsequence,Contains
ggagcatcggaggtgatg,0.177777777777778
gagcatcggaggtgatgg,0.177777777777778
agcatcggaggtgatggg,0.177777777777778
gcatcggaggtgatgggc,0.177777777777778
catcggaggtgatgggca,0.177777777777778
atcggaggtgatgggcag,0.177777777777778
tcggaggtgatgggcagg,0.177777777777778
cggaggtgatgggcaggc,0.177777777777778
ggaggtgatgggcaggcg,0.177777777777778
gaggtgatgggcaggcgc,0.177777777777778
aggtgatgggcaggcgct,0.177777777777778
ggtgatgggcaggcgctc,0.177777777777778
gtgatgggcaggcgctca,0.177777777777778
tgatgggcaggcgctcac,0.177777777777778
gatgggcaggcgctcaca,0.233333333333333
atgggcaggcgctcacat,0.233333333333333
tgggcaggcgctcacata,0.244444444444444
gggcaggcgctcacataa,0.3
ggcaggcgctcacataag,0.3
gcaggcgctcacataagc,0.3
caggcgctcacataagct,0.3
aggcgctcacataagctg,0.3
ggcgctcacataagctga,0.3
gcgctcacataagctgat,0.333333333333333
cgctcacataagctgatt,0.333333333333333
gctcacataagctgattg,0.333333333333333
ctcacataagctgattgg,0.333333333333333
tcacataagctgattgga,0.322222222222222
cacataagctgattggat,0.322222222222222
acataagctgattggatt,0.266666666666667
cataagctgattggattc,0.211111111111111
ataagctgattggattcc,0.177777777777778
taagctgattggattccg,0.177777777777778
aagctgattggattccgt,0.177777777777778
agctgattggattccgtc,0.177777777777778
gctgattggattccgtcc,0.177777777777778
ctgattggattccgtcca,0.177777777777778
tgattggattccgtccaa,0.177777777777778
gattggattccgtccaat,0.177777777777778
attggattccgtccaatg,0.177777777777778
ttggattccgtccaatgt,0.177777777777778
tggattccgtccaatgtc,0.177777777777778
ggattccgtccaatgtca,0.177777777777778
gattccgtccaatgtcag,0.177777777777778
attccgtccaatgtcagt,0.177777777777778
ttccgtccaatgtcagtc,0.177777777777778
tccgtccaatgtcagtcc,0.177777777777778
ccgtccaatgtcagtccg,0.177777777777778
cgtccaatgtcagtccgg,0.177777777777778
gtccaatgtcagtccggc,0.177777777777778
tccaatgtcagtccggca,0.177777777777778
ccaatgtcagtccggcaa,0.188888888888889
caatgtcagtccggcaat,0.188888888888889
aatgtcagtccggcaatg,0.188888888888889
atgtcagtccggcaatgt,0.188888888888889
tgtcagtccggcaatgtg,0.188888888888889
gtcagtccggcaatgtga,0.188888888888889
tcagtccggcaatgtgag,0.188888888888889
cagtccggcaatgtgagt,0.188888888888889
agtccggcaatgtgagta,0.188888888888889
gtccggcaatgtgagtat,0.188888888888889
tccggcaatgtgagtatc,0.188888888888889
ccggcaatgtgagtatct,0.188888888888889
cggcaatgtgagtatctt,0.177777777777778
ggcaatgtgagtatcttg,0.177777777777778
gcaatgtgagtatcttgc,0.188888888888889
caatgtgagtatcttgcc,0.244444444444444
aatgtgagtatcttgccg,0.244444444444444
atgtgagtatcttgccgt,0.244444444444444
tgtgagtatcttgccgtg,0.244444444444444
gtgagtatcttgccgtgg,0.244444444444444
tgagtatcttgccgtggt,0.244444444444444
gagtatcttgccgtggtc,0.244444444444444
agtatcttgccgtggtca,0.244444444444444
gtatcttgccgtggtcaa,0.244444444444444
tatcttgccgtggtcaac,0.244444444444444
atcttgccgtggtcaacg,0.244444444444444
tcttgccgtggtcaacgg,0.222222222222222
cttgccgtggtcaacgga,0.222222222222222
ttgccgtggtcaacggac,0.222222222222222
tgccgtggtcaacggact,0.222222222222222
gccgtggtcaacggacta,0.166666666666667
ccgtggtcaacggactat,0.211111111111111
cgtggtcaacggactata,0.211111111111111
gtggtcaacggactatag,0.211111111111111
tggtcaacggactatagt,0.211111111111111
ggtcaacggactatagtc,0.211111111111111
gtcaacggactatagtca,0.211111111111111
tcaacggactatagtcac,0.211111111111111
caacggactatagtcact,0.211111111111111
aacggactatagtcactc,0.177777777777778
acggactatagtcactcc,0.177777777777778
cggactatagtcactccc,0.177777777777778
ggactatagtcactccct,0.177777777777778
gactatagtcactcccta,0.177777777777778
actatagtcactccctaa,0.177777777777778
ctatagtcactccctaag,0.166666666666667
tatagtcactccctaaga,0.166666666666667
atagtcactccctaagag,0.166666666666667
tagtcactccctaagagc,0.166666666666667
agtcactccctaagagcg,0.166666666666667
gtcactccctaagagcga,0.166666666666667
tcactccctaagagcgat,0.166666666666667
cactccctaagagcgata,0.166666666666667
actccctaagagcgatag,0.166666666666667
ctccctaagagcgataga,0.166666666666667
tccctaagagcgatagag,0.166666666666667
ccctaagagcgatagagg,0.166666666666667
cctaagagcgatagaggg,0.133333333333333
ctaagagcgatagaggga,0.133333333333333
taagagcgatagagggat,0.122222222222222
aagagcgatagagggatt,0.166666666666667
agagcgatagagggattg,0.166666666666667
gagcgatagagggattgt,0.177777777777778
agcgatagagggattgtg,0.233333333333333
gcgatagagggattgtga,0.233333333333333
cgatagagggattgtgat,0.233333333333333
gatagagggattgtgata,0.233333333333333
atagagggattgtgataa,0.233333333333333
tagagggattgtgataag,0.233333333333333
agagggattgtgataagc,0.233333333333333
gagggattgtgataagcc,0.233333333333333
agggattgtgataagcca,0.233333333333333
gggattgtgataagccag,0.233333333333333
ggattgtgataagccagc,0.233333333333333
gattgtgataagccagct,0.233333333333333
attgtgataagccagctc,0.233333333333333
ttgtgataagccagctct,0.233333333333333
tgtgataagccagctcta,0.233333333333333
gtgataagccagctctaa,0.233333333333333
tgataagccagctctaaa,0.233333333333333
gataagccagctctaaaa,0.244444444444444
ataagccagctctaaaaa,0.3
taagccagctctaaaaat,0.355555555555556
aagccagctctaaaaata,0.355555555555556
agccagctctaaaaatag,0.355555555555556
gccagctctaaaaatagg,0.355555555555556
ccagctctaaaaataggt,0.355555555555556
cagctctaaaaataggtt,0.355555555555556
agctctaaaaataggttt,0.355555555555556
gctctaaaaataggtttg,0.355555555555556
ctctaaaaataggtttgt,0.355555555555556
tctaaaaataggtttgta,0.344444444444445
ctaaaaataggtttgtag,0.344444444444445
taaaaataggtttgtagt,0.333333333333333
aaaaataggtttgtagta,0.333333333333333
aaaataggtttgtagtat,0.277777777777778
aaataggtttgtagtata,0.222222222222222
aataggtttgtagtataa,0.177777777777778
ataggtttgtagtataag,0.177777777777778
taggtttgtagtataagg,0.177777777777778
aggtttgtagtataaggc,0.188888888888889
ggtttgtagtataaggca,0.188888888888889
gtttgtagtataaggcaa,0.188888888888889
tttgtagtataaggcaat,0.188888888888889
ttgtagtataaggcaatg,0.188888888888889
tgtagtataaggcaatga,0.188888888888889
gtagtataaggcaatgaa,0.188888888888889
tagtataaggcaatgaaa,0.2
agtataaggcaatgaaac,0.2
gtataaggcaatgaaacc,0.2
tataaggcaatgaaaccc,0.2
ataaggcaatgaaaccct,0.2
taaggcaatgaaaccctc,0.2
aaggcaatgaaaccctct,0.2
aggcaatgaaaccctctc,0.2
ggcaatgaaaccctctca,0.2
gcaatgaaaccctctcac,0.2
caatgaaaccctctcaca,0.233333333333333
aatgaaaccctctcacat,0.233333333333333
atgaaaccctctcacatc,0.233333333333333
tgaaaccctctcacatcg,0.233333333333333
gaaaccctctcacatcga,0.233333333333333
aaaccctctcacatcgag,0.233333333333333
aaccctctcacatcgagg,0.233333333333333
accctctcacatcgaggt,0.233333333333333
ccctctcacatcgaggtt,0.233333333333333
cctctcacatcgaggttt,0.233333333333333
ctctcacatcgaggtttt,0.233333333333333
tctcacatcgaggttttc,0.233333333333333
ctcacatcgaggttttcc,0.233333333333333
tcacatcgaggttttccg,0.222222222222222
cacatcgaggttttccgg,0.222222222222222
acatcgaggttttccggc,0.166666666666667
catcgaggttttccggct,0.144444444444444
atcgaggttttccggctg,0.144444444444444
tcgaggttttccggctgc,0.166666666666667
cgaggttttccggctgct,0.166666666666667
gaggttttccggctgctg,0.166666666666667
aggttttccggctgctgg,0.166666666666667
ggttttccggctgctggc,0.166666666666667
gttttccggctgctggcc,0.166666666666667
ttttccggctgctggccc,0.166666666666667
tttccggctgctggccca,0.222222222222222
ttccggctgctggcccat,0.222222222222222
tccggctgctggcccatt,0.222222222222222
ccggctgctggcccatta,0.222222222222222
cggctgctggcccattag,0.222222222222222
ggctgctggcccattaga,0.222222222222222
gctgctggcccattagaa,0.255555555555556
ctgctggcccattagaaa,0.311111111111111
tgctggcccattagaaaa,0.322222222222222
gctggcccattagaaaat,0.377777777777778
ctggcccattagaaaatt,0.433333333333333
tggcccattagaaaattg,0.433333333333333
ggcccattagaaaattgt,0.444444444444444
gcccattagaaaattgta,0.444444444444444
cccattagaaaattgtag,0.444444444444444
ccattagaaaattgtagg,0.388888888888889
cattagaaaattgtaggt,0.355555555555556
attagaaaattgtaggta,0.355555555555556
ttagaaaattgtaggtat,0.355555555555556
tagaaaattgtaggtatt,0.355555555555556
agaaaattgtaggtattc,0.355555555555556
gaaaattgtaggtattct,0.344444444444445
aaaattgtaggtattctc,0.344444444444445
aaattgtaggtattctcc,0.288888888888889
aattgtaggtattctcca,0.233333333333333
attgtaggtattctccaa,0.2
ttgtaggtattctccaat,0.2
tgtaggtattctccaatt,0.222222222222222
gtaggtattctccaattt,0.222222222222222
taggtattctccaatttc,0.222222222222222
aggtattctccaatttca,0.222222222222222
ggtattctccaatttcat,0.222222222222222
gtattctccaatttcatg,0.255555555555556
tattctccaatttcatga,0.255555555555556
attctccaatttcatgag,0.255555555555556
ttctccaatttcatgagc,0.255555555555556
tctccaatttcatgagct,0.255555555555556
ctccaatttcatgagctc,0.255555555555556
tccaatttcatgagctca,0.255555555555556
ccaatttcatgagctcat,0.255555555555556
caatttcatgagctcatg,0.255555555555556
aatttcatgagctcatgc,0.255555555555556
atttcatgagctcatgcc,0.288888888888889
tttcatgagctcatgcca,0.288888888888889
ttcatgagctcatgccat,0.288888888888889
tcatgagctcatgccatc,0.288888888888889
catgagctcatgccatcc,0.288888888888889
atgagctcatgccatcct,0.288888888888889
tgagctcatgccatcctt,0.288888888888889
gagctcatgccatccttg,0.288888888888889
agctcatgccatccttga,0.288888888888889
gctcatgccatccttgag,0.288888888888889
ctcatgccatccttgagg,0.288888888888889
tcatgccatccttgaggg,0.288888888888889
catgccatccttgaggga,0.277777777777778
atgccatccttgagggat,0.277777777777778
tgccatccttgagggatt,0.222222222222222
gccatccttgagggattc,0.166666666666667
ccatccttgagggattca,0.166666666666667
catccttgagggattcac,0.166666666666667
atccttgagggattcaca,0.222222222222222
tccttgagggattcacac,0.222222222222222
ccttgagggattcacact,0.222222222222222
cttgagggattcacactg,0.222222222222222
ttgagggattcacactgc,0.222222222222222
tgagggattcacactgcg,0.222222222222222
gagggattcacactgcgg,0.222222222222222
agggattcacactgcggt,0.222222222222222
gggattcacactgcggtc,0.222222222222222
ggattcacactgcggtca,0.222222222222222
gattcacactgcggtcaa,0.222222222222222
attcacactgcggtcaac,0.222222222222222
ttcacactgcggtcaacc,0.222222222222222
tcacactgcggtcaacct,0.222222222222222
cacactgcggtcaacctg,0.222222222222222
acactgcggtcaacctgc,0.166666666666667
cactgcggtcaacctgcc,0.222222222222222
actgcggtcaacctgccg,0.222222222222222
ctgcggtcaacctgccgg,0.222222222222222
tgcggtcaacctgccggc,0.222222222222222
gcggtcaacctgccggca,0.222222222222222
cggtcaacctgccggcaa,0.222222222222222
ggtcaacctgccggcaag,0.222222222222222
gtcaacctgccggcaaga,0.222222222222222
tcaacctgccggcaagat,0.222222222222222
caacctgccggcaagata,0.222222222222222
aacctgccggcaagatag,0.222222222222222
acctgccggcaagatagc,0.222222222222222
cctgccggcaagatagcc,0.222222222222222
ctgccggcaagatagcct,0.222222222222222
tgccggcaagatagccta,0.222222222222222
gccggcaagatagcctac,0.222222222222222
ccggcaagatagcctaca,0.233333333333333
cggcaagatagcctacaa,0.288888888888889
ggcaagatagcctacaac,0.288888888888889
gcaagatagcctacaaca,0.3
caagatagcctacaacag,0.3
aagatagcctacaacagg,0.3
agatagcctacaacaggc,0.3
gatagcctacaacaggca,0.3
atagcctacaacaggcac,0.3
tagcctacaacaggcacc,0.3
agcctacaacaggcaccg,0.3
gcctacaacaggcaccgc,0.3
cctacaacaggcaccgcg,0.3
ctacaacaggcaccgcgt,0.244444444444444
tacaacaggcaccgcgtt,0.233333333333333
acaacaggcaccgcgttg,0.233333333333333
caacaggcaccgcgttga,0.177777777777778
aacaggcaccgcgttgaa,0.166666666666667
acaggcaccgcgttgaaa,0.166666666666667
caggcaccgcgttgaaat,0.222222222222222
aggcaccgcgttgaaatg,0.222222222222222
ggcaccgcgttgaaatgg,0.222222222222222
gcaccgcgttgaaatgga,0.222222222222222
caccgcgttgaaatggat,0.222222222222222
accgcgttgaaatggatc,0.222222222222222
ccgcgttgaaatggatct,0.222222222222222
cgcgttgaaatggatctc,0.222222222222222
gcgttgaaatggatctcc,0.222222222222222
cgttgaaatggatctcct,0.222222222222222
gttgaaatggatctcctt,0.222222222222222
ttgaaatggatctcctta,0.222222222222222
tgaaatggatctccttag,0.222222222222222
gaaatggatctccttaga,0.222222222222222
aaatggatctccttagaa,0.222222222222222
aatggatctccttagaat,0.177777777777778
atggatctccttagaata,0.177777777777778
tggatctccttagaatat,0.211111111111111
ggatctccttagaatatt,0.266666666666667
gatctccttagaatattg,0.266666666666667
atctccttagaatattgg,0.266666666666667
tctccttagaatattgga,0.266666666666667
ctccttagaatattggac,0.266666666666667
tccttagaatattggact,0.266666666666667
ccttagaatattggactt,0.266666666666667
cttagaatattggacttc,0.244444444444444
ttagaatattggacttcg,0.244444444444444
tagaatattggacttcgt,0.244444444444444
agaatattggacttcgtg,0.244444444444444
gaatattggacttcgtgt,0.233333333333333
aatattggacttcgtgtc,0.233333333333333
atattggacttcgtgtcc,0.177777777777778
tattggacttcgtgtccc,0.166666666666667
attggacttcgtgtcccc,0.166666666666667
ttggacttcgtgtccccc,0.177777777777778
tggacttcgtgtccccca,0.233333333333333
ggacttcgtgtcccccaa,0.288888888888889
gacttcgtgtcccccaag,0.288888888888889
acttcgtgtcccccaaga,0.3
cttcgtgtcccccaagaa,0.355555555555556
ttcgtgtcccccaagaac,0.355555555555556
tcgtgtcccccaagaacg,0.355555555555556
cgtgtcccccaagaacgc,0.355555555555556
gtgtcccccaagaacgca,0.355555555555556
tgtcccccaagaacgcat,0.355555555555556
gtcccccaagaacgcatt,0.355555555555556
tcccccaagaacgcattg,0.355555555555556
cccccaagaacgcattga,0.355555555555556
ccccaagaacgcattgag,0.311111111111111
cccaagaacgcattgagc,0.255555555555556
ccaagaacgcattgagct,0.244444444444444
caagaacgcattgagcta,0.233333333333333
aagaacgcattgagctat,0.188888888888889
agaacgcattgagctatt,0.188888888888889
gaacgcattgagctatta,0.222222222222222
aacgcattgagctattac,0.222222222222222
acgcattgagctattaca,0.222222222222222
cgcattgagctattacat,0.222222222222222
gcattgagctattacatc,0.222222222222222
cattgagctattacatct,0.222222222222222
attgagctattacatctt,0.222222222222222
ttgagctattacatcttc,0.222222222222222
tgagctattacatcttct,0.222222222222222
gagctattacatcttctg,0.222222222222222
agctattacatcttctgg,0.222222222222222
gctattacatcttctggc,0.222222222222222
ctattacatcttctggct,0.222222222222222
tattacatcttctggctc,0.222222222222222
attacatcttctggctca,0.222222222222222
ttacatcttctggctcag,0.188888888888889
tacatcttctggctcagg,0.188888888888889
acatcttctggctcaggg,0.188888888888889
catcttctggctcagggt,0.188888888888889
atcttctggctcagggtc,0.188888888888889
tcttctggctcagggtca,0.188888888888889
cttctggctcagggtcat,0.188888888888889
ttctggctcagggtcatt,0.188888888888889
tctggctcagggtcatta,0.222222222222222
ctggctcagggtcattaa,0.222222222222222
tggctcagggtcattaat,0.222222222222222
ggctcagggtcattaata,0.222222222222222
gctcagggtcattaatac,0.222222222222222
ctcagggtcattaatact,0.222222222222222
tcagggtcattaatactc,0.222222222222222
cagggtcattaatactcc,0.222222222222222
agggtcattaatactccc,0.222222222222222
gggtcattaatactccca,0.222222222222222
ggtcattaatactcccaa,0.222222222222222
gtcattaatactcccaat,0.222222222222222
tcattaatactcccaatc,0.222222222222222
cattaatactcccaatcc,0.222222222222222
attaatactcccaatcct,0.222222222222222
ttaatactcccaatcctg,0.222222222222222
taatactcccaatcctgc,0.244444444444444
aatactcccaatcctgcg,0.244444444444444
atactcccaatcctgcgc,0.244444444444444
tactcccaatcctgcgct,0.244444444444444
actcccaatcctgcgcta,0.244444444444444
ctcccaatcctgcgctac,0.244444444444444
tcccaatcctgcgctacg,0.244444444444444
cccaatcctgcgctacgt,0.244444444444444
ccaatcctgcgctacgta,0.244444444444444
caatcctgcgctacgtat,0.244444444444444
aatcctgcgctacgtata,0.244444444444444
atcctgcgctacgtatat,0.188888888888889
tcctgcgctacgtatatt,0.177777777777778
cctgcgctacgtatattc,0.177777777777778
ctgcgctacgtatattct,0.188888888888889
tgcgctacgtatattctg,0.244444444444444
gcgctacgtatattctgc,0.3
cgctacgtatattctgcg,0.3
gctacgtatattctgcgc,0.3
ctacgtatattctgcgcg,0.3
tacgtatattctgcgcga,0.3
acgtatattctgcgcgac,0.3
cgtatattctgcgcgact,0.3
gtatattctgcgcgactc,0.3
tatattctgcgcgactcc,0.3
atattctgcgcgactcca,0.3
tattctgcgcgactccat,0.288888888888889
attctgcgcgactccata,0.288888888888889
ttctgcgcgactccatac,0.233333333333333
tctgcgcgactccatacg,0.177777777777778
ctgcgcgactccatacgt,0.177777777777778
tgcgcgactccatacgtg,0.177777777777778
gcgcgactccatacgtgc,0.177777777777778
cgcgactccatacgtgca,0.177777777777778
gcgactccatacgtgcac,0.177777777777778
cgactccatacgtgcact,0.177777777777778
gactccatacgtgcactg,0.177777777777778
actccatacgtgcactga,0.177777777777778
ctccatacgtgcactgat,0.177777777777778
tccatacgtgcactgatt,0.177777777777778
ccatacgtgcactgattt,0.177777777777778
catacgtgcactgatttg,0.188888888888889
atacgtgcactgatttgt,0.188888888888889
tacgtgcactgatttgtg,0.188888888888889
acgtgcactgatttgtgt,0.188888888888889
cgtgcactgatttgtgta,0.188888888888889
gtgcactgatttgtgtaa,0.188888888888889
tgcactgatttgtgtaac,0.188888888888889
gcactgatttgtgtaact,0.188888888888889
cactgatttgtgtaacta,0.188888888888889
actgatttgtgtaactat,0.233333333333333
ctgatttgtgtaactatc,0.233333333333333
tgatttgtgtaactatca,0.233333333333333
gatttgtgtaactatcac,0.233333333333333
atttgtgtaactatcaca,0.233333333333333
tttgtgtaactatcacag,0.233333333333333
ttgtgtaactatcacagt,0.233333333333333
tgtgtaactatcacagtg,0.233333333333333
gtgtaactatcacagtga,0.233333333333333
tgtaactatcacagtgat,0.233333333333333
gtaactatcacagtgata,0.233333333333333
taactatcacagtgatac,0.233333333333333
aactatcacagtgatacc,0.233333333333333
actatcacagtgataccc,0.222222222222222
ctatcacagtgataccct,0.222222222222222
tatcacagtgataccctc,0.222222222222222
atcacagtgataccctcc,0.222222222222222
tcacagtgataccctccc,0.222222222222222
cacagtgataccctcccc,0.222222222222222
acagtgataccctccccg,0.211111111111111
cagtgataccctccccga,0.2
agtgataccctccccgac,0.2
gtgataccctccccgaca,0.244444444444444
tgataccctccccgacaa,0.3
gataccctccccgacaac,0.3
ataccctccccgacaact,0.3
taccctccccgacaactt,0.3
accctccccgacaacttc,0.3
ccctccccgacaacttcg,0.3
cctccccgacaacttcgt,0.3
ctccccgacaacttcgtc,0.3
tccccgacaacttcgtct,0.3
ccccgacaacttcgtctg,0.3
cccgacaacttcgtctgg,0.3
ccgacaacttcgtctggt,0.288888888888889
cgacaacttcgtctggtc,0.233333333333333
gacaacttcgtctggtcc,0.222222222222222
acaacttcgtctggtccc,0.222222222222222
caacttcgtctggtcccg,0.177777777777778
aacttcgtctggtcccgt,0.177777777777778
acttcgtctggtcccgtt,0.166666666666667
cttcgtctggtcccgtta,0.166666666666667
ttcgtctggtcccgttag,0.166666666666667
tcgtctggtcccgttagc,0.188888888888889
cgtctggtcccgttagct,0.188888888888889
gtctggtcccgttagctc,0.188888888888889
tctggtcccgttagctcc,0.188888888888889
ctggtcccgttagctccc,0.188888888888889
tggtcccgttagctcccc,0.188888888888889
ggtcccgttagctccccc,0.188888888888889
gtcccgttagctcccccc,0.188888888888889
tcccgttagctccccccg,0.188888888888889
cccgttagctccccccga,0.188888888888889
ccgttagctccccccgaa,0.244444444444444
cgttagctccccccgaaa,0.3
gttagctccccccgaaaa,0.355555555555556
ttagctccccccgaaaat,0.366666666666667
tagctccccccgaaaatt,0.422222222222222
agctccccccgaaaattt,0.422222222222222
gctccccccgaaaatttg,0.444444444444444
ctccccccgaaaatttgc,0.5
tccccccgaaaatttgcg,0.5
ccccccgaaaatttgcgg,0.5
cccccgaaaatttgcggg,0.455555555555556
ccccgaaaatttgcggga,0.411111111111111
cccgaaaatttgcgggaa,0.411111111111111
ccgaaaatttgcgggaac,0.411111111111111
cgaaaatttgcgggaaca,0.411111111111111
gaaaatttgcgggaacac,0.411111111111111
aaaatttgcgggaacacc,0.411111111111111
aaatttgcgggaacaccg,0.355555555555556
aatttgcgggaacaccgt,0.3
atttgcgggaacaccgtt,0.244444444444444
tttgcgggaacaccgttc,0.188888888888889
ttgcgggaacaccgttcc,0.166666666666667
tgcgggaacaccgttccc,0.166666666666667
gcgggaacaccgttccct,0.166666666666667
cgggaacaccgttcccta,0.166666666666667
gggaacaccgttccctac,0.188888888888889
ggaacaccgttccctact,0.188888888888889
gaacaccgttccctacta,0.2
aacaccgttccctactag,0.2
acaccgttccctactaga,0.211111111111111
caccgttccctactagat,0.211111111111111
accgttccctactagatc,0.211111111111111
ccgttccctactagatct,0.211111111111111
cgttccctactagatctc,0.211111111111111
gttccctactagatctct,0.211111111111111
ttccctactagatctctc,0.211111111111111
tccctactagatctctcc,0.211111111111111
ccctactagatctctcct,0.211111111111111
cctactagatctctccta,0.2
ctactagatctctcctat,0.166666666666667
tactagatctctcctatt,0.166666666666667
actagatctctcctattt,0.166666666666667
ctagatctctcctattta,0.177777777777778
tagatctctcctatttag,0.177777777777778
agatctctcctatttagt,0.177777777777778
gatctctcctatttagtg,0.2
atctctcctatttagtgt,0.2
tctctcctatttagtgtg,0.2
ctctcctatttagtgtgt,0.2
tctcctatttagtgtgtg,0.2
ctcctatttagtgtgtgg,0.2
tcctatttagtgtgtggt,0.2
cctatttagtgtgtggta,0.2
ctatttagtgtgtggtag,0.2
tatttagtgtgtggtagg,0.2
atttagtgtgtggtaggt,0.2
tttagtgtgtggtaggtc,0.188888888888889
ttagtgtgtggtaggtct,0.188888888888889
tagtgtgtggtaggtctg,0.133333333333333
agtgtgtggtaggtctgg,0.133333333333333
gtgtgtggtaggtctgga,0.133333333333333
tgtgtggtaggtctggag,0.133333333333333
gtgtggtaggtctggagg,0.133333333333333
tgtggtaggtctggaggc,0.133333333333333
gtggtaggtctggaggcg,0.133333333333333
tggtaggtctggaggcgc,0.133333333333333
ggtaggtctggaggcgca,0.133333333333333
gtaggtctggaggcgcaa,0.177777777777778
taggtctggaggcgcaat,0.177777777777778
aggtctggaggcgcaatc,0.177777777777778
ggtctggaggcgcaatcg,0.177777777777778
gtctggaggcgcaatcgg,0.177777777777778
tctggaggcgcaatcggt,0.177777777777778
ctggaggcgcaatcggtc,0.177777777777778
tggaggcgcaatcggtca,0.177777777777778
ggaggcgcaatcggtcaa,0.177777777777778
gaggcgcaatcggtcaaa,0.222222222222222
aggcgcaatcggtcaaac,0.222222222222222
ggcgcaatcggtcaaact,0.222222222222222
gcgcaatcggtcaaacta,0.233333333333333
cgcaatcggtcaaactat,0.288888888888889
gcaatcggtcaaactata,0.288888888888889
caatcggtcaaactataa,0.288888888888889
aatcggtcaaactataag,0.288888888888889
atcggtcaaactataagc,0.288888888888889
tcggtcaaactataagcg,0.288888888888889
cggtcaaactataagcgc,0.288888888888889
ggtcaaactataagcgcc,0.288888888888889
gtcaaactataagcgccg,0.288888888888889
tcaaactataagcgccgg,0.288888888888889
caaactataagcgccggg,0.288888888888889
aaactataagcgccggga,0.288888888888889
aactataagcgccgggag,0.233333333333333
actataagcgccgggagc,0.188888888888889
ctataagcgccgggagcg,0.177777777777778
tataagcgccgggagcgc,0.177777777777778
ataagcgccgggagcgct,0.177777777777778
taagcgccgggagcgctg,0.177777777777778
aagcgccgggagcgctga,0.166666666666667
agcgccgggagcgctgat,0.166666666666667
gcgccgggagcgctgatg,0.177777777777778
cgccgggagcgctgatgc,0.233333333333333
gccgggagcgctgatgcg,0.233333333333333
ccgggagcgctgatgcgc,0.233333333333333
cgggagcgctgatgcgcc,0.233333333333333
gggagcgctgatgcgcca,0.233333333333333
ggagcgctgatgcgccac,0.233333333333333
gagcgctgatgcgccaca,0.277777777777778
agcgctgatgcgccacac,0.277777777777778
gcgctgatgcgccacacc,0.277777777777778
cgctgatgcgccacaccc,0.277777777777778
gctgatgcgccacacccg,0.277777777777778
ctgatgcgccacacccgg,0.277777777777778
tgatgcgccacacccggg,0.277777777777778
gatgcgccacacccgggc,0.277777777777778
atgcgccacacccgggcg,0.277777777777778
tgcgccacacccgggcgc,0.277777777777778
gcgccacacccgggcgca,0.277777777777778
cgccacacccgggcgcaa,0.277777777777778
gccacacccgggcgcaag,0.277777777777778
ccacacccgggcgcaagt,0.277777777777778
cacacccgggcgcaagtg,0.222222222222222
acacccgggcgcaagtga,0.177777777777778
cacccgggcgcaagtgac,0.177777777777778
acccgggcgcaagtgacc,0.177777777777778
cccgggcgcaagtgacca,0.177777777777778
ccgggcgcaagtgaccac,0.222222222222222
cgggcgcaagtgaccact,0.222222222222222
gggcgcaagtgaccacta,0.233333333333333
ggcgcaagtgaccactat,0.233333333333333
gcgcaagtgaccactata,0.244444444444444
cgcaagtgaccactataa,0.3
gcaagtgaccactataaa,0.355555555555556
caagtgaccactataaaa,0.366666666666667
aagtgaccactataaaaa,0.377777777777778
agtgaccactataaaaaa,0.377777777777778
gtgaccactataaaaaac,0.377777777777778
tgaccactataaaaaact,0.377777777777778
gaccactataaaaaactc,0.377777777777778
accactataaaaaactcc,0.377777777777778
ccactataaaaaactcct,0.377777777777778
cactataaaaaactcctc,0.366666666666667
actataaaaaactcctct,0.366666666666667
ctataaaaaactcctcta,0.366666666666667
tataaaaaactcctctat,0.355555555555556
ataaaaaactcctctatg,0.355555555555556
taaaaaactcctctatgg,0.344444444444445
aaaaaactcctctatggt,0.344444444444445
aaaaactcctctatggta,0.288888888888889
aaaactcctctatggtac,0.233333333333333
aaactcctctatggtacc,0.222222222222222
aactcctctatggtacct,0.222222222222222
actcctctatggtaccta,0.222222222222222
ctcctctatggtacctag,0.222222222222222
tcctctatggtacctaga,0.222222222222222
cctctatggtacctagaa,0.222222222222222
ctctatggtacctagaaa,0.244444444444444
tctatggtacctagaaaa,0.3
ctatggtacctagaaaac,0.3
tatggtacctagaaaacc,0.3
atggtacctagaaaacca,0.3
tggtacctagaaaaccag,0.3
ggtacctagaaaaccagc,0.3
gtacctagaaaaccagcc,0.3
tacctagaaaaccagcca,0.3
acctagaaaaccagccag,0.3
cctagaaaaccagccagg,0.3
ctagaaaaccagccaggg,0.277777777777778
tagaaaaccagccagggg,0.277777777777778
agaaaaccagccaggggg,0.277777777777778
gaaaaccagccagggggc,0.266666666666667
aaaaccagccagggggca,0.266666666666667
aaaccagccagggggcat,0.211111111111111
aaccagccagggggcata,0.166666666666667
accagccagggggcataa,0.177777777777778
ccagccagggggcataag,0.177777777777778
cagccagggggcataagt,0.177777777777778
agccagggggcataagtt,0.188888888888889
gccagggggcataagttt,0.2
ccagggggcataagtttt,0.2
cagggggcataagttttc,0.2
agggggcataagttttca,0.2
gggggcataagttttcag,0.2
ggggcataagttttcagc,0.2
gggcataagttttcagcg,0.2
ggcataagttttcagcgt,0.2
gcataagttttcagcgtt,0.2
cataagttttcagcgtta,0.2
ataagttttcagcgttaa,0.2
taagttttcagcgttaac,0.188888888888889
aagttttcagcgttaact,0.188888888888889
agttttcagcgttaactg,0.166666666666667
gttttcagcgttaactga,0.166666666666667
ttttcagcgttaactgag,0.166666666666667
tttcagcgttaactgagc,0.166666666666667
ttcagcgttaactgagcc,0.211111111111111
tcagcgttaactgagccg,0.211111111111111
cagcgttaactgagccgt,0.211111111111111
agcgttaactgagccgtt,0.211111111111111
gcgttaactgagccgttt,0.211111111111111
cgttaactgagccgtttg,0.211111111111111
gttaactgagccgtttgg,0.211111111111111
ttaactgagccgtttgga,0.211111111111111
taactgagccgtttggaa,0.211111111111111
aactgagccgtttggaat,0.211111111111111
actgagccgtttggaata,0.166666666666667
ctgagccgtttggaatac,0.166666666666667
tgagccgtttggaatact,0.166666666666667
gagccgtttggaatacta,0.188888888888889
agccgtttggaatactaa,0.188888888888889
gccgtttggaatactaag,0.2
ccgtttggaatactaagc,0.255555555555556
cgtttggaatactaagct,0.255555555555556
gtttggaatactaagctg,0.255555555555556
tttggaatactaagctga,0.255555555555556
ttggaatactaagctgac,0.255555555555556
tggaatactaagctgacc,0.255555555555556
ggaatactaagctgaccc,0.255555555555556
gaatactaagctgaccca,0.255555555555556
aatactaagctgacccac,0.277777777777778
atactaagctgacccact,0.277777777777778
tactaagctgacccacta,0.288888888888889
actaagctgacccactaa,0.344444444444445
ctaagctgacccactaag,0.344444444444445
taagctgacccactaaga,0.355555555555556
aagctgacccactaagaa,0.411111111111111
agctgacccactaagaaa,0.422222222222222
gctgacccactaagaaat,0.477777777777778
ctgacccactaagaaata,0.477777777777778
tgacccactaagaaatag,0.477777777777778
gacccactaagaaataga,0.477777777777778
acccactaagaaatagaa,0.477777777777778
cccactaagaaatagaat,0.477777777777778
ccactaagaaatagaatt,0.422222222222222
cactaagaaatagaatta,0.366666666666667
actaagaaatagaattag,0.333333333333333
ctaagaaatagaattagt,0.333333333333333
taagaaatagaattagtt,0.333333333333333
aagaaatagaattagtta,0.333333333333333
agaaatagaattagttat,0.333333333333333
gaaatagaattagttata,0.322222222222222
aaatagaattagttatac,0.322222222222222
aatagaattagttatacg,0.311111111111111
atagaattagttatacgc,0.3
tagaattagttatacgca,0.288888888888889
agaattagttatacgcaa,0.288888888888889
gaattagttatacgcaag,0.277777777777778
aattagttatacgcaagg,0.277777777777778
attagttatacgcaaggc,0.244444444444444
ttagttatacgcaaggca,0.244444444444444
tagttatacgcaaggcag,0.244444444444444
agttatacgcaaggcagt,0.244444444444444
gttatacgcaaggcagtt,0.233333333333333
ttatacgcaaggcagttc,0.233333333333333
tatacgcaaggcagttca,0.177777777777778
atacgcaaggcagttcaa,0.177777777777778
tacgcaaggcagttcaac,0.177777777777778
acgcaaggcagttcaacc,0.177777777777778
cgcaaggcagttcaaccc,0.177777777777778
gcaaggcagttcaacccc,0.166666666666667
caaggcagttcaaccccc,0.177777777777778
aaggcagttcaacccccg,0.177777777777778
aggcagttcaacccccgt,0.177777777777778
ggcagttcaacccccgtc,0.177777777777778
gcagttcaacccccgtcc,0.177777777777778
cagttcaacccccgtcct,0.177777777777778
agttcaacccccgtccta,0.177777777777778
gttcaacccccgtcctag,0.177777777777778
ttcaacccccgtcctagt,0.177777777777778
tcaacccccgtcctagtc,0.177777777777778
caacccccgtcctagtcc,0.177777777777778
aacccccgtcctagtcca,0.177777777777778
acccccgtcctagtccaa,0.177777777777778
cccccgtcctagtccaac,0.177777777777778
ccccgtcctagtccaact,0.177777777777778
cccgtcctagtccaactg,0.177777777777778
ccgtcctagtccaactgg,0.177777777777778
cgtcctagtccaactggc,0.177777777777778
gtcctagtccaactggca,0.177777777777778
tcctagtccaactggcaa,0.177777777777778
cctagtccaactggcaaa,0.222222222222222
ctagtccaactggcaaag,0.222222222222222
tagtccaactggcaaagg,0.222222222222222
agtccaactggcaaaggc,0.222222222222222
gtccaactggcaaaggca,0.222222222222222
tccaactggcaaaggcac,0.222222222222222
ccaactggcaaaggcaca,0.222222222222222
caactggcaaaggcacaa,0.277777777777778
aactggcaaaggcacaac,0.277777777777778
actggcaaaggcacaact,0.277777777777778
ctggcaaaggcacaactc,0.277777777777778
tggcaaaggcacaactcc,0.277777777777778
ggcaaaggcacaactccc,0.277777777777778
gcaaaggcacaactcccc,0.277777777777778
caaaggcacaactcccca,0.277777777777778
aaaggcacaactccccac,0.277777777777778
aaggcacaactccccacg,0.277777777777778
aggcacaactccccacgg,0.277777777777778
ggcacaactccccacgga,0.277777777777778
gcacaactccccacggat,0.277777777777778
cacaactccccacggatt,0.277777777777778
acaactccccacggattc,0.277777777777778
caactccccacggattcc,0.277777777777778
aactccccacggattccg,0.277777777777778
actccccacggattccgt,0.277777777777778
ctccccacggattccgta,0.277777777777778
tccccacggattccgtaa,0.277777777777778
ccccacggattccgtaag,0.277777777777778
cccacggattccgtaaga,0.277777777777778
ccacggattccgtaagat,0.222222222222222
cacggattccgtaagatc,0.177777777777778
acggattccgtaagatca,0.188888888888889
cggattccgtaagatcac,0.188888888888889
ggattccgtaagatcact,0.188888888888889
gattccgtaagatcacta,0.188888888888889
attccgtaagatcactag,0.188888888888889
ttccgtaagatcactaga,0.188888888888889
tccgtaagatcactagat,0.188888888888889
ccgtaagatcactagata,0.2
cgtaagatcactagatac,0.2
gtaagatcactagataca,0.2
taagatcactagatacat,0.2
aagatcactagatacata,0.2
agatcactagatacataa,0.233333333333333
gatcactagatacataag,0.233333333333333
atcactagatacataagt,0.233333333333333
tcactagatacataagtc,0.233333333333333
cactagatacataagtcg,0.233333333333333
actagatacataagtcgt,0.233333333333333
ctagatacataagtcgtc,0.233333333333333
tagatacataagtcgtcg,0.233333333333333
agatacataagtcgtcgt,0.233333333333333
gatacataagtcgtcgtc,0.233333333333333
atacataagtcgtcgtca,0.233333333333333
tacataagtcgtcgtcag,0.233333333333333
acataagtcgtcgtcaga,0.233333333333333
cataagtcgtcgtcagat,0.177777777777778
ataagtcgtcgtcagatg,0.166666666666667
taagtcgtcgtcagatgt,0.166666666666667
aagtcgtcgtcagatgtg,0.166666666666667
agtcgtcgtcagatgtgt,0.166666666666667
gtcgtcgtcagatgtgtt,0.166666666666667
tcgtcgtcagatgtgtta,0.166666666666667
cgtcgtcagatgtgttac,0.166666666666667
gtcgtcagatgtgttact,0.166666666666667
tcgtcagatgtgttactt,0.166666666666667
cgtcagatgtgttacttc,0.166666666666667
gtcagatgtgttacttca,0.166666666666667
tcagatgtgttacttcat,0.166666666666667
cagatgtgttacttcatg,0.2
agatgtgttacttcatgc,0.255555555555556
gatgtgttacttcatgca,0.255555555555556
atgtgttacttcatgcaa,0.255555555555556
tgtgttacttcatgcaaa,0.255555555555556
gtgttacttcatgcaaaa,0.277777777777778
tgttacttcatgcaaaat,0.277777777777778
gttacttcatgcaaaatc,0.277777777777778
ttacttcatgcaaaatcc,0.277777777777778
tacttcatgcaaaatccc,0.277777777777778
acttcatgcaaaatccca,0.277777777777778
cttcatgcaaaatcccac,0.277777777777778
ttcatgcaaaatcccaca,0.333333333333333
tcatgcaaaatcccacaa,0.388888888888889
catgcaaaatcccacaaa,0.444444444444444
atgcaaaatcccacaaaa,0.5
tgcaaaatcccacaaaaa,0.555555555555556
gcaaaatcccacaaaaaa,0.611111111111111
caaaatcccacaaaaaat,0.666666666666667
aaaatcccacaaaaaatt,0.722222222222222
aaatcccacaaaaaatta,0.777777777777778
aatcccacaaaaaattat,0.833333333333333
atcccacaaaaaattatg,0.888888888888889
tcccacaaaaaattatgc,0.944444444444445
cccacaaaaaattatgcc,1
ccacaaaaaattatgcca,0.944444444444445
cacaaaaaattatgccaa,0.888888888888889
acaaaaaattatgccaaa,0.833333333333333
caaaaaattatgccaaag,0.777777777777778
aaaaaattatgccaaagc,0.722222222222222
aaaaattatgccaaagcc,0.666666666666667
aaaattatgccaaagcct,0.611111111111111
aaattatgccaaagccta,0.555555555555556
aattatgccaaagcctac,0.5
attatgccaaagcctacg,0.444444444444444
ttatgccaaagcctacga,0.388888888888889
tatgccaaagcctacgat,0.333333333333333
atgccaaagcctacgatt,0.277777777777778
tgccaaagcctacgatta,0.222222222222222
gccaaagcctacgattac,0.222222222222222
ccaaagcctacgattact,0.222222222222222
caaagcctacgattactg,0.244444444444444
aaagcctacgattactgt,0.244444444444444
aagcctacgattactgtc,0.255555555555556
agcctacgattactgtca,0.255555555555556
gcctacgattactgtcat,0.255555555555556
cctacgattactgtcata,0.255555555555556
ctacgattactgtcatag,0.255555555555556
tacgattactgtcatagg,0.255555555555556
acgattactgtcataggt,0.255555555555556
cgattactgtcataggtc,0.255555555555556
gattactgtcataggtct,0.255555555555556
attactgtcataggtctc,0.255555555555556
ttactgtcataggtctcg,0.2
tactgtcataggtctcgc,0.144444444444444
actgtcataggtctcgct,0.133333333333333
ctgtcataggtctcgctt,0.133333333333333
tgtcataggtctcgcttt,0.133333333333333
gtcataggtctcgctttt,0.133333333333333
tcataggtctcgcttttt,0.133333333333333
cataggtctcgctttttc,0.133333333333333
ataggtctcgctttttcc,0.188888888888889
taggtctcgctttttcct,0.188888888888889
aggtctcgctttttcctt,0.188888888888889
ggtctcgctttttcctta,0.188888888888889
gtctcgctttttccttaa,0.188888888888889
tctcgctttttccttaat,0.188888888888889
ctcgctttttccttaatt,0.222222222222222
tcgctttttccttaattc,0.222222222222222
cgctttttccttaattcg,0.222222222222222
gctttttccttaattcgg,0.222222222222222
ctttttccttaattcggt,0.222222222222222
tttttccttaattcggta,0.222222222222222
ttttccttaattcggtag,0.222222222222222
tttccttaattcggtagg,0.222222222222222
ttccttaattcggtaggc,0.222222222222222
tccttaattcggtaggcc,0.233333333333333
ccttaattcggtaggcca,0.233333333333333
cttaattcggtaggccac,0.233333333333333
ttaattcggtaggccact,0.233333333333333
taattcggtaggccacta,0.233333333333333
aattcggtaggccactaa,0.288888888888889
attcggtaggccactaag,0.288888888888889
ttcggtaggccactaaga,0.3
tcggtaggccactaagaa,0.355555555555556
cggtaggccactaagaac,0.355555555555556
ggtaggccactaagaacg,0.355555555555556
gtaggccactaagaacgc,0.355555555555556
taggccactaagaacgcc,0.355555555555556
aggccactaagaacgcca,0.355555555555556
ggccactaagaacgccag,0.355555555555556
gccactaagaacgccagc,0.355555555555556
ccactaagaacgccagcc,0.355555555555556
cactaagaacgccagcca,0.3
actaagaacgccagccag,0.244444444444444
ctaagaacgccagccagc,0.2
taagaacgccagccagca,0.2
aagaacgccagccagcac,0.2
agaacgccagccagcact,0.188888888888889
gaacgccagccagcactc,0.188888888888889
aacgccagccagcactct,0.188888888888889
acgccagccagcactctt,0.188888888888889
cgccagccagcactctta,0.188888888888889
gccagccagcactcttat,0.222222222222222
ccagccagcactcttata,0.222222222222222
cagccagcactcttatag,0.222222222222222
agccagcactcttatagc,0.244444444444444
gccagcactcttatagcg,0.244444444444444
ccagcactcttatagcga,0.244444444444444
cagcactcttatagcgag,0.244444444444444
agcactcttatagcgagg,0.244444444444444
gcactcttatagcgaggc,0.244444444444444
cactcttatagcgaggct,0.244444444444444
actcttatagcgaggctt,0.244444444444444
ctcttatagcgaggcttg,0.244444444444444
tcttatagcgaggcttga,0.244444444444444
cttatagcgaggcttgaa,0.244444444444444
ttatagcgaggcttgaag,0.244444444444444
tatagcgaggcttgaagc,0.188888888888889
atagcgaggcttgaagcc,0.2
tagcgaggcttgaagccc,0.2
agcgaggcttgaagccct,0.2
gcgaggcttgaagccctt,0.2
cgaggcttgaagcccttg,0.2
gaggcttgaagcccttgt,0.2
aggcttgaagcccttgtg,0.2
ggcttgaagcccttgtgg,0.2
gcttgaagcccttgtggg,0.2
cttgaagcccttgtgggc,0.2
ttgaagcccttgtgggcc,0.2
tgaagcccttgtgggccg,0.188888888888889
gaagcccttgtgggccgt,0.177777777777778
aagcccttgtgggccgta,0.177777777777778
agcccttgtgggccgtag,0.177777777777778
