Subsequence,Contains
ggagcatcggagg,0.307692307692308
gagcatcggaggt,0.307692307692308
agcatcggaggtg,0.307692307692308
gcatcggaggtga,0.307692307692308
catcggaggtgat,0.307692307692308
atcggaggtgatg,0.307692307692308
tcggaggtgatgg,0.307692307692308
cggaggtgatggg,0.307692307692308
ggaggtgatgggc,0.230769230769231
gaggtgatgggca,0.261538461538462
aggtgatgggcag,0.261538461538462
ggtgatgggcagg,0.261538461538462
gtgatgggcaggc,0.261538461538462
tgatgggcaggcg,0.261538461538462
gatgggcaggcgc,0.261538461538462
atgggcaggcgct,0.261538461538462
tgggcaggcgctc,0.184615384615385
gggcaggcgctca,0.230769230769231
ggcaggcgctcac,0.230769230769231
gcaggcgctcaca,0.230769230769231
caggcgctcacat,0.230769230769231
aggcgctcacata,0.261538461538462
ggcgctcacataa,0.261538461538462
gcgctcacataag,0.261538461538462
cgctcacataagc,0.261538461538462
gctcacataagct,0.261538461538462
ctcacataagctg,0.261538461538462
tcacataagctga,0.261538461538462
cacataagctgat,0.261538461538462
acataagctgatt,0.261538461538462
cataagctgattg,0.230769230769231
ataagctgattgg,0.230769230769231
taagctgattgga,0.230769230769231
aagctgattggat,0.230769230769231
agctgattggatt,0.246153846153846
gctgattggattc,0.246153846153846
ctgattggattcc,0.246153846153846
tgattggattccg,0.246153846153846
gattggattccgt,0.246153846153846
attggattccgtc,0.246153846153846
ttggattccgtcc,0.246153846153846
tggattccgtcca,0.246153846153846
ggattccgtccaa,0.246153846153846
gattccgtccaat,0.230769230769231
attccgtccaatg,0.230769230769231
ttccgtccaatgt,0.230769230769231
tccgtccaatgtc,0.307692307692308
ccgtccaatgtca,0.384615384615385
cgtccaatgtcag,0.384615384615385
gtccaatgtcagt,0.353846153846154
tccaatgtcagtc,0.353846153846154
ccaatgtcagtcc,0.353846153846154
caatgtcagtccg,0.353846153846154
aatgtcagtccgg,0.338461538461538
atgtcagtccggc,0.338461538461538
tgtcagtccggca,0.307692307692308
gtcagtccggcaa,0.307692307692308
tcagtccggcaat,0.307692307692308
cagtccggcaatg,0.307692307692308
agtccggcaatgt,0.307692307692308
gtccggcaatgtg,0.307692307692308
tccggcaatgtga,0.323076923076923
ccggcaatgtgag,0.323076923076923
cggcaatgtgagt,0.323076923076923
ggcaatgtgagta,0.246153846153846
gcaatgtgagtat,0.323076923076923
caatgtgagtatc,0.323076923076923
aatgtgagtatct,0.323076923076923
atgtgagtatctt,0.323076923076923
tgtgagtatcttg,0.323076923076923
gtgagtatcttgc,0.323076923076923
tgagtatcttgcc,0.323076923076923
gagtatcttgccg,0.323076923076923
agtatcttgccgt,0.246153846153846
gtatcttgccgtg,0.230769230769231
tatcttgccgtgg,0.230769230769231
atcttgccgtggt,0.169230769230769
tcttgccgtggtc,0.246153846153846
cttgccgtggtca,0.323076923076923
ttgccgtggtcaa,0.323076923076923
tgccgtggtcaac,0.323076923076923
gccgtggtcaacg,0.323076923076923
ccgtggtcaacgg,0.323076923076923
cgtggtcaacgga,0.323076923076923
gtggtcaacggac,0.384615384615385
tggtcaacggact,0.461538461538462
ggtcaacggacta,0.538461538461539
gtcaacggactat,0.615384615384615
tcaacggactata,0.692307692307692
caacggactatag,0.769230769230769
aacggactatagt,0.846153846153846
acggactatagtc,0.923076923076923
cggactatagtca,1
ggactatagtcac,0.923076923076923
gactatagtcact,0.846153846153846
actatagtcactc,0.769230769230769
ctatagtcactcc,0.692307692307692
tatagtcactccc,0.615384615384615
atagtcactccct,0.538461538461539
tagtcactcccta,0.461538461538462
agtcactccctaa,0.384615384615385
gtcactccctaag,0.307692307692308
tcactccctaaga,0.261538461538462
cactccctaagag,0.261538461538462
actccctaagagc,0.261538461538462
ctccctaagagcg,0.261538461538462
tccctaagagcga,0.261538461538462
ccctaagagcgat,0.261538461538462
cctaagagcgata,0.276923076923077
ctaagagcgatag,0.353846153846154
taagagcgataga,0.353846153846154
aagagcgatagag,0.353846153846154
agagcgatagagg,0.353846153846154
gagcgatagaggg,0.353846153846154
agcgatagaggga,0.323076923076923
gcgatagagggat,0.323076923076923
cgatagagggatt,0.323076923076923
gatagagggattg,0.307692307692308
atagagggattgt,0.307692307692308
tagagggattgtg,0.261538461538462
agagggattgtga,0.261538461538462
gagggattgtgat,0.261538461538462
agggattgtgata,0.261538461538462
gggattgtgataa,0.261538461538462
ggattgtgataag,0.261538461538462
gattgtgataagc,0.261538461538462
attgtgataagcc,0.261538461538462
ttgtgataagcca,0.307692307692308
tgtgataagccag,0.307692307692308
gtgataagccagc,0.307692307692308
tgataagccagct,0.307692307692308
gataagccagctc,0.307692307692308
ataagccagctct,0.276923076923077
taagccagctcta,0.276923076923077
aagccagctctaa,0.246153846153846
agccagctctaaa,0.246153846153846
gccagctctaaaa,0.246153846153846
ccagctctaaaaa,0.246153846153846
cagctctaaaaat,0.246153846153846
agctctaaaaata,0.246153846153846
gctctaaaaatag,0.307692307692308
ctctaaaaatagg,0.307692307692308
tctaaaaataggt,0.307692307692308
ctaaaaataggtt,0.307692307692308
taaaaataggttt,0.307692307692308
aaaaataggtttg,0.307692307692308
aaaataggtttgt,0.307692307692308
aaataggtttgta,0.307692307692308
aataggtttgtag,0.307692307692308
ataggtttgtagt,0.353846153846154
taggtttgtagta,0.353846153846154
aggtttgtagtat,0.353846153846154
ggtttgtagtata,0.353846153846154
gtttgtagtataa,0.338461538461538
tttgtagtataag,0.338461538461538
ttgtagtataagg,0.338461538461538
tgtagtataaggc,0.338461538461538
gtagtataaggca,0.384615384615385
tagtataaggcaa,0.369230769230769
agtataaggcaat,0.369230769230769
gtataaggcaatg,0.353846153846154
tataaggcaatga,0.353846153846154
ataaggcaatgaa,0.276923076923077
taaggcaatgaaa,0.276923076923077
aaggcaatgaaac,0.246153846153846
aggcaatgaaacc,0.246153846153846
ggcaatgaaaccc,0.2
gcaatgaaaccct,0.169230769230769
caatgaaaccctc,0.169230769230769
aatgaaaccctct,0.169230769230769
atgaaaccctctc,0.169230769230769
tgaaaccctctca,0.230769230769231
gaaaccctctcac,0.230769230769231
aaaccctctcaca,0.230769230769231
aaccctctcacat,0.230769230769231
accctctcacatc,0.230769230769231
ccctctcacatcg,0.230769230769231
cctctcacatcga,0.230769230769231
ctctcacatcgag,0.230769230769231
tctcacatcgagg,0.230769230769231
ctcacatcgaggt,0.230769230769231
tcacatcgaggtt,0.230769230769231
cacatcgaggttt,0.2
acatcgaggtttt,0.2
catcgaggttttc,0.169230769230769
atcgaggttttcc,0.169230769230769
tcgaggttttccg,0.153846153846154
cgaggttttccgg,0.230769230769231
gaggttttccggc,0.230769230769231
aggttttccggct,0.261538461538462
ggttttccggctg,0.261538461538462
gttttccggctgc,0.261538461538462
ttttccggctgct,0.261538461538462
tttccggctgctg,0.261538461538462
ttccggctgctgg,0.261538461538462
tccggctgctggc,0.261538461538462
ccggctgctggcc,0.261538461538462
cggctgctggccc,0.261538461538462
ggctgctggccca,0.184615384615385
gctgctggcccat,0.261538461538462
ctgctggcccatt,0.261538461538462
tgctggcccatta,0.261538461538462
gctggcccattag,0.292307692307692
ctggcccattaga,0.292307692307692
tggcccattagaa,0.292307692307692
ggcccattagaaa,0.292307692307692
gcccattagaaaa,0.230769230769231
cccattagaaaat,0.230769230769231
ccattagaaaatt,0.230769230769231
cattagaaaattg,0.230769230769231
attagaaaattgt,0.276923076923077
ttagaaaattgta,0.276923076923077
tagaaaattgtag,0.276923076923077
agaaaattgtagg,0.276923076923077
gaaaattgtaggt,0.276923076923077
aaaattgtaggta,0.261538461538462
aaattgtaggtat,0.261538461538462
aattgtaggtatt,0.261538461538462
attgtaggtattc,0.261538461538462
ttgtaggtattct,0.246153846153846
tgtaggtattctc,0.261538461538462
gtaggtattctcc,0.261538461538462
taggtattctcca,0.261538461538462
aggtattctccaa,0.261538461538462
ggtattctccaat,0.261538461538462
gtattctccaatt,0.261538461538462
tattctccaattt,0.261538461538462
attctccaatttc,0.184615384615385
ttctccaatttca,0.230769230769231
tctccaatttcat,0.230769230769231
ctccaatttcatg,0.230769230769231
tccaatttcatga,0.230769230769231
ccaatttcatgag,0.230769230769231
caatttcatgagc,0.230769230769231
aatttcatgagct,0.230769230769231
atttcatgagctc,0.230769230769231
tttcatgagctca,0.292307692307692
ttcatgagctcat,0.292307692307692
tcatgagctcatg,0.292307692307692
catgagctcatgc,0.292307692307692
atgagctcatgcc,0.292307692307692
tgagctcatgcca,0.261538461538462
gagctcatgccat,0.261538461538462
agctcatgccatc,0.261538461538462
gctcatgccatcc,0.230769230769231
ctcatgccatcct,0.230769230769231
tcatgccatcctt,0.230769230769231
catgccatccttg,0.2
atgccatccttga,0.2
tgccatccttgag,0.184615384615385
gccatccttgagg,0.184615384615385
ccatccttgaggg,0.184615384615385
catccttgaggga,0.230769230769231
atccttgagggat,0.230769230769231
tccttgagggatt,0.246153846153846
ccttgagggattc,0.246153846153846
cttgagggattca,0.246153846153846
ttgagggattcac,0.246153846153846
tgagggattcaca,0.246153846153846
gagggattcacac,0.246153846153846
agggattcacact,0.246153846153846
gggattcacactg,0.246153846153846
ggattcacactgc,0.246153846153846
gattcacactgcg,0.246153846153846
attcacactgcgg,0.246153846153846
ttcacactgcggt,0.230769230769231
tcacactgcggtc,0.276923076923077
cacactgcggtca,0.353846153846154
acactgcggtcaa,0.353846153846154
cactgcggtcaac,0.353846153846154
actgcggtcaacc,0.353846153846154
ctgcggtcaacct,0.307692307692308
tgcggtcaacctg,0.307692307692308
gcggtcaacctgc,0.307692307692308
cggtcaacctgcc,0.307692307692308
ggtcaacctgccg,0.307692307692308
gtcaacctgccgg,0.307692307692308
tcaacctgccggc,0.230769230769231
caacctgccggca,0.230769230769231
aacctgccggcaa,0.230769230769231
acctgccggcaag,0.230769230769231
cctgccggcaaga,0.230769230769231
ctgccggcaagat,0.230769230769231
tgccggcaagata,0.292307692307692
gccggcaagatag,0.369230769230769
ccggcaagatagc,0.369230769230769
cggcaagatagcc,0.384615384615385
ggcaagatagcct,0.323076923076923
gcaagatagccta,0.323076923076923
caagatagcctac,0.323076923076923
aagatagcctaca,0.323076923076923
agatagcctacaa,0.323076923076923
gatagcctacaac,0.323076923076923
atagcctacaaca,0.323076923076923
tagcctacaacag,0.261538461538462
agcctacaacagg,0.261538461538462
gcctacaacaggc,0.276923076923077
cctacaacaggca,0.353846153846154
ctacaacaggcac,0.353846153846154
tacaacaggcacc,0.353846153846154
acaacaggcaccg,0.353846153846154
caacaggcaccgc,0.276923076923077
aacaggcaccgcg,0.261538461538462
acaggcaccgcgt,0.261538461538462
caggcaccgcgtt,0.246153846153846
aggcaccgcgttg,0.246153846153846
ggcaccgcgttga,0.184615384615385
gcaccgcgttgaa,0.169230769230769
caccgcgttgaaa,0.153846153846154
accgcgttgaaat,0.153846153846154
ccgcgttgaaatg,0.153846153846154
cgcgttgaaatgg,0.169230769230769
gcgttgaaatgga,0.230769230769231
cgttgaaatggat,0.230769230769231
gttgaaatggatc,0.230769230769231
ttgaaatggatct,0.261538461538462
tgaaatggatctc,0.261538461538462
gaaatggatctcc,0.261538461538462
aaatggatctcct,0.261538461538462
aatggatctcctt,0.261538461538462
atggatctcctta,0.261538461538462
tggatctccttag,0.261538461538462
ggatctccttaga,0.261538461538462
gatctccttagaa,0.261538461538462
atctccttagaat,0.261538461538462
tctccttagaata,0.261538461538462
ctccttagaatat,0.323076923076923
tccttagaatatt,0.323076923076923
ccttagaatattg,0.338461538461538
cttagaatattgg,0.338461538461538
ttagaatattgga,0.338461538461538
tagaatattggac,0.338461538461538
agaatattggact,0.384615384615385
gaatattggactt,0.384615384615385
aatattggacttc,0.384615384615385
atattggacttcg,0.384615384615385
tattggacttcgt,0.430769230769231
attggacttcgtg,0.430769230769231
ttggacttcgtgt,0.430769230769231
tggacttcgtgtc,0.430769230769231
ggacttcgtgtcc,0.430769230769231
gacttcgtgtccc,0.353846153846154
acttcgtgtcccc,0.276923076923077
cttcgtgtccccc,0.230769230769231
ttcgtgtccccca,0.230769230769231
tcgtgtcccccaa,0.230769230769231
cgtgtcccccaag,0.230769230769231
gtgtcccccaaga,0.230769230769231
tgtcccccaagaa,0.230769230769231
gtcccccaagaac,0.230769230769231
tcccccaagaacg,0.169230769230769
cccccaagaacgc,0.169230769230769
ccccaagaacgca,0.169230769230769
cccaagaacgcat,0.169230769230769
ccaagaacgcatt,0.184615384615385
caagaacgcattg,0.184615384615385
aagaacgcattga,0.184615384615385
agaacgcattgag,0.184615384615385
gaacgcattgagc,0.184615384615385
aacgcattgagct,0.184615384615385
acgcattgagcta,0.261538461538462
cgcattgagctat,0.338461538461538
gcattgagctatt,0.338461538461538
cattgagctatta,0.338461538461538
attgagctattac,0.338461538461538
ttgagctattaca,0.338461538461538
tgagctattacat,0.338461538461538
gagctattacatc,0.338461538461538
agctattacatct,0.307692307692308
gctattacatctt,0.307692307692308
ctattacatcttc,0.307692307692308
tattacatcttct,0.230769230769231
attacatcttctg,0.215384615384615
ttacatcttctgg,0.215384615384615
tacatcttctggc,0.215384615384615
acatcttctggct,0.215384615384615
catcttctggctc,0.184615384615385
atcttctggctca,0.230769230769231
tcttctggctcag,0.230769230769231
cttctggctcagg,0.230769230769231
ttctggctcaggg,0.230769230769231
tctggctcagggt,0.230769230769231
ctggctcagggtc,0.246153846153846
tggctcagggtca,0.323076923076923
ggctcagggtcat,0.323076923076923
gctcagggtcatt,0.307692307692308
ctcagggtcatta,0.307692307692308
tcagggtcattaa,0.307692307692308
cagggtcattaat,0.307692307692308
agggtcattaata,0.307692307692308
gggtcattaatac,0.307692307692308
ggtcattaatact,0.307692307692308
gtcattaatactc,0.323076923076923
tcattaatactcc,0.323076923076923
cattaatactccc,0.323076923076923
attaatactccca,0.323076923076923
ttaatactcccaa,0.323076923076923
taatactcccaat,0.323076923076923
aatactcccaatc,0.323076923076923
atactcccaatcc,0.323076923076923
tactcccaatcct,0.246153846153846
actcccaatcctg,0.230769230769231
ctcccaatcctgc,0.169230769230769
tcccaatcctgcg,0.169230769230769
cccaatcctgcgc,0.169230769230769
ccaatcctgcgct,0.169230769230769
caatcctgcgcta,0.230769230769231
aatcctgcgctac,0.230769230769231
atcctgcgctacg,0.230769230769231
tcctgcgctacgt,0.230769230769231
cctgcgctacgta,0.230769230769231
ctgcgctacgtat,0.261538461538462
tgcgctacgtata,0.338461538461538
gcgctacgtatat,0.338461538461538
cgctacgtatatt,0.353846153846154
gctacgtatattc,0.430769230769231
ctacgtatattct,0.430769230769231
tacgtatattctg,0.430769230769231
acgtatattctgc,0.430769230769231
cgtatattctgcg,0.4
gtatattctgcgc,0.4
tatattctgcgcg,0.4
atattctgcgcga,0.323076923076923
tattctgcgcgac,0.261538461538462
attctgcgcgact,0.338461538461538
ttctgcgcgactc,0.338461538461538
tctgcgcgactcc,0.338461538461538
ctgcgcgactcca,0.338461538461538
tgcgcgactccat,0.338461538461538
gcgcgactccata,0.338461538461538
cgcgactccatac,0.338461538461538
gcgactccatacg,0.307692307692308
cgactccatacgt,0.323076923076923
gactccatacgtg,0.323076923076923
actccatacgtgc,0.276923076923077
ctccatacgtgca,0.307692307692308
tccatacgtgcac,0.307692307692308
ccatacgtgcact,0.307692307692308
catacgtgcactg,0.292307692307692
atacgtgcactga,0.292307692307692
tacgtgcactgat,0.276923076923077
acgtgcactgatt,0.276923076923077
cgtgcactgattt,0.276923076923077
gtgcactgatttg,0.276923076923077
tgcactgatttgt,0.276923076923077
gcactgatttgtg,0.276923076923077
cactgatttgtgt,0.261538461538462
actgatttgtgta,0.261538461538462
ctgatttgtgtaa,0.184615384615385
tgatttgtgtaac,0.169230769230769
gatttgtgtaact,0.230769230769231
atttgtgtaacta,0.307692307692308
tttgtgtaactat,0.384615384615385
ttgtgtaactatc,0.384615384615385
tgtgtaactatca,0.384615384615385
gtgtaactatcac,0.384615384615385
tgtaactatcaca,0.384615384615385
gtaactatcacag,0.384615384615385
taactatcacagt,0.384615384615385
aactatcacagtg,0.384615384615385
actatcacagtga,0.384615384615385
ctatcacagtgat,0.307692307692308
tatcacagtgata,0.261538461538462
atcacagtgatac,0.261538461538462
tcacagtgatacc,0.261538461538462
cacagtgataccc,0.261538461538462
acagtgataccct,0.261538461538462
cagtgataccctc,0.246153846153846
agtgataccctcc,0.246153846153846
gtgataccctccc,0.230769230769231
tgataccctcccc,0.230769230769231
gataccctccccg,0.230769230769231
ataccctccccga,0.230769230769231
taccctccccgac,0.246153846153846
accctccccgaca,0.246153846153846
ccctccccgacaa,0.261538461538462
cctccccgacaac,0.261538461538462
ctccccgacaact,0.261538461538462
tccccgacaactt,0.261538461538462
ccccgacaacttc,0.261538461538462
cccgacaacttcg,0.261538461538462
ccgacaacttcgt,0.276923076923077
cgacaacttcgtc,0.353846153846154
gacaacttcgtct,0.353846153846154
acaacttcgtctg,0.353846153846154
caacttcgtctgg,0.353846153846154
aacttcgtctggt,0.353846153846154
acttcgtctggtc,0.353846153846154
cttcgtctggtcc,0.276923076923077
ttcgtctggtccc,0.261538461538462
tcgtctggtcccg,0.261538461538462
cgtctggtcccgt,0.261538461538462
gtctggtcccgtt,0.261538461538462
tctggtcccgtta,0.261538461538462
ctggtcccgttag,0.246153846153846
tggtcccgttagc,0.246153846153846
ggtcccgttagct,0.230769230769231
gtcccgttagctc,0.261538461538462
tcccgttagctcc,0.261538461538462
cccgttagctccc,0.261538461538462
ccgttagctcccc,0.261538461538462
cgttagctccccc,0.261538461538462
gttagctcccccc,0.261538461538462
ttagctccccccg,0.261538461538462
tagctccccccga,0.261538461538462
agctccccccgaa,0.184615384615385
gctccccccgaaa,0.169230769230769
ctccccccgaaaa,0.169230769230769
tccccccgaaaat,0.2
ccccccgaaaatt,0.2
cccccgaaaattt,0.2
ccccgaaaatttg,0.2
cccgaaaatttgc,0.2
ccgaaaatttgcg,0.2
cgaaaatttgcgg,0.230769230769231
gaaaatttgcggg,0.230769230769231
aaaatttgcggga,0.230769230769231
aaatttgcgggaa,0.230769230769231
aatttgcgggaac,0.230769230769231
atttgcgggaaca,0.230769230769231
tttgcgggaacac,0.230769230769231
ttgcgggaacacc,0.230769230769231
tgcgggaacaccg,0.230769230769231
gcgggaacaccgt,0.230769230769231
cgggaacaccgtt,0.230769230769231
gggaacaccgttc,0.230769230769231
ggaacaccgttcc,0.230769230769231
gaacaccgttccc,0.169230769230769
aacaccgttccct,0.153846153846154
acaccgttcccta,0.230769230769231
caccgttccctac,0.230769230769231
accgttccctact,0.230769230769231
ccgttccctacta,0.307692307692308
cgttccctactag,0.338461538461538
gttccctactaga,0.338461538461538
ttccctactagat,0.338461538461538
tccctactagatc,0.369230769230769
ccctactagatct,0.369230769230769
cctactagatctc,0.369230769230769
ctactagatctct,0.369230769230769
tactagatctctc,0.353846153846154
actagatctctcc,0.353846153846154
ctagatctctcct,0.276923076923077
tagatctctccta,0.261538461538462
agatctctcctat,0.307692307692308
gatctctcctatt,0.307692307692308
atctctcctattt,0.307692307692308
tctctcctattta,0.307692307692308
ctctcctatttag,0.307692307692308
tctcctatttagt,0.323076923076923
ctcctatttagtg,0.323076923076923
tcctatttagtgt,0.323076923076923
cctatttagtgtg,0.323076923076923
ctatttagtgtgt,0.323076923076923
tatttagtgtgtg,0.323076923076923
atttagtgtgtgg,0.323076923076923
tttagtgtgtggt,0.323076923076923
ttagtgtgtggta,0.307692307692308
tagtgtgtggtag,0.307692307692308
agtgtgtggtagg,0.230769230769231
gtgtgtggtaggt,0.230769230769231
tgtgtggtaggtc,0.261538461538462
gtgtggtaggtct,0.261538461538462
tgtggtaggtctg,0.261538461538462
gtggtaggtctgg,0.261538461538462
tggtaggtctgga,0.261538461538462
ggtaggtctggag,0.276923076923077
gtaggtctggagg,0.276923076923077
taggtctggaggc,0.292307692307692
aggtctggaggcg,0.292307692307692
ggtctggaggcgc,0.292307692307692
gtctggaggcgca,0.230769230769231
tctggaggcgcaa,0.230769230769231
ctggaggcgcaat,0.230769230769231
tggaggcgcaatc,0.230769230769231
ggaggcgcaatcg,0.230769230769231
gaggcgcaatcgg,0.230769230769231
aggcgcaatcggt,0.230769230769231
ggcgcaatcggtc,0.246153846153846
gcgcaatcggtca,0.307692307692308
cgcaatcggtcaa,0.307692307692308
gcaatcggtcaaa,0.307692307692308
caatcggtcaaac,0.307692307692308
aatcggtcaaact,0.307692307692308
atcggtcaaacta,0.307692307692308
tcggtcaaactat,0.384615384615385
cggtcaaactata,0.461538461538462
ggtcaaactataa,0.461538461538462
gtcaaactataag,0.461538461538462
tcaaactataagc,0.461538461538462
caaactataagcg,0.461538461538462
aaactataagcgc,0.461538461538462
aactataagcgcc,0.461538461538462
actataagcgccg,0.461538461538462
ctataagcgccgg,0.384615384615385
tataagcgccggg,0.307692307692308
ataagcgccggga,0.230769230769231
taagcgccgggag,0.230769230769231
aagcgccgggagc,0.230769230769231
agcgccgggagcg,0.230769230769231
gcgccgggagcgc,0.230769230769231
cgccgggagcgct,0.230769230769231
gccgggagcgctg,0.230769230769231
ccgggagcgctga,0.230769230769231
cgggagcgctgat,0.230769230769231
gggagcgctgatg,0.230769230769231
ggagcgctgatgc,0.230769230769231
gagcgctgatgcg,0.184615384615385
agcgctgatgcgc,0.184615384615385
gcgctgatgcgcc,0.184615384615385
cgctgatgcgcca,0.184615384615385
gctgatgcgccac,0.184615384615385
ctgatgcgccaca,0.184615384615385
tgatgcgccacac,0.169230769230769
gatgcgccacacc,0.169230769230769
atgcgccacaccc,0.169230769230769
tgcgccacacccg,0.169230769230769
gcgccacacccgg,0.230769230769231
cgccacacccggg,0.230769230769231
gccacacccgggc,0.246153846153846
ccacacccgggcg,0.246153846153846
cacacccgggcgc,0.246153846153846
acacccgggcgca,0.246153846153846
cacccgggcgcaa,0.246153846153846
acccgggcgcaag,0.246153846153846
cccgggcgcaagt,0.292307692307692
ccgggcgcaagtg,0.292307692307692
cgggcgcaagtga,0.307692307692308
gggcgcaagtgac,0.246153846153846
ggcgcaagtgacc,0.246153846153846
gcgcaagtgacca,0.246153846153846
cgcaagtgaccac,0.246153846153846
gcaagtgaccact,0.246153846153846
caagtgaccacta,0.307692307692308
aagtgaccactat,0.384615384615385
agtgaccactata,0.461538461538462
gtgaccactataa,0.461538461538462
tgaccactataaa,0.461538461538462
gaccactataaaa,0.461538461538462
accactataaaaa,0.461538461538462
ccactataaaaaa,0.461538461538462
cactataaaaaac,0.461538461538462
actataaaaaact,0.461538461538462
ctataaaaaactc,0.384615384615385
tataaaaaactcc,0.307692307692308
ataaaaaactcct,0.230769230769231
taaaaaactcctc,0.230769230769231
aaaaaactcctct,0.230769230769231
aaaaactcctcta,0.246153846153846
aaaactcctctat,0.307692307692308
aaactcctctatg,0.307692307692308
aactcctctatgg,0.323076923076923
actcctctatggt,0.4
ctcctctatggta,0.4
tcctctatggtac,0.4
cctctatggtacc,0.4
ctctatggtacct,0.4
tctatggtaccta,0.4
ctatggtacctag,0.4
tatggtacctaga,0.323076923076923
atggtacctagaa,0.246153846153846
tggtacctagaaa,0.246153846153846
ggtacctagaaaa,0.246153846153846
gtacctagaaaac,0.246153846153846
tacctagaaaacc,0.246153846153846
acctagaaaacca,0.246153846153846
cctagaaaaccag,0.246153846153846
ctagaaaaccagc,0.246153846153846
tagaaaaccagcc,0.230769230769231
agaaaaccagcca,0.246153846153846
gaaaaccagccag,0.246153846153846
aaaaccagccagg,0.246153846153846
aaaccagccaggg,0.246153846153846
aaccagccagggg,0.246153846153846
accagccaggggg,0.246153846153846
ccagccagggggc,0.246153846153846
cagccagggggca,0.246153846153846
agccagggggcat,0.246153846153846
gccagggggcata,0.276923076923077
ccagggggcataa,0.276923076923077
cagggggcataag,0.276923076923077
agggggcataagt,0.307692307692308
gggggcataagtt,0.307692307692308
ggggcataagttt,0.307692307692308
gggcataagtttt,0.307692307692308
ggcataagttttc,0.292307692307692
gcataagttttca,0.261538461538462
cataagttttcag,0.261538461538462
ataagttttcagc,0.261538461538462
taagttttcagcg,0.261538461538462
aagttttcagcgt,0.230769230769231
agttttcagcgtt,0.230769230769231
gttttcagcgtta,0.230769230769231
ttttcagcgttaa,0.230769230769231
tttcagcgttaac,0.230769230769231
ttcagcgttaact,0.230769230769231
tcagcgttaactg,0.230769230769231
cagcgttaactga,0.230769230769231
agcgttaactgag,0.230769230769231
gcgttaactgagc,0.230769230769231
cgttaactgagcc,0.230769230769231
gttaactgagccg,0.230769230769231
ttaactgagccgt,0.230769230769231
taactgagccgtt,0.230769230769231
aactgagccgttt,0.230769230769231
actgagccgtttg,0.230769230769231
ctgagccgtttgg,0.169230769230769
tgagccgtttgga,0.230769230769231
gagccgtttggaa,0.230769230769231
agccgtttggaat,0.246153846153846
gccgtttggaata,0.323076923076923
ccgtttggaatac,0.323076923076923
cgtttggaatact,0.323076923076923
gtttggaatacta,0.353846153846154
tttggaatactaa,0.353846153846154
ttggaatactaag,0.353846153846154
tggaatactaagc,0.353846153846154
ggaatactaagct,0.353846153846154
gaatactaagctg,0.338461538461538
aatactaagctga,0.338461538461538
atactaagctgac,0.338461538461538
tactaagctgacc,0.338461538461538
actaagctgaccc,0.338461538461538
ctaagctgaccca,0.261538461538462
taagctgacccac,0.246153846153846
aagctgacccact,0.246153846153846
agctgacccacta,0.307692307692308
gctgacccactaa,0.307692307692308
ctgacccactaag,0.338461538461538
tgacccactaaga,0.338461538461538
gacccactaagaa,0.338461538461538
acccactaagaaa,0.338461538461538
cccactaagaaat,0.338461538461538
ccactaagaaata,0.338461538461538
cactaagaaatag,0.338461538461538
actaagaaataga,0.338461538461538
ctaagaaatagaa,0.307692307692308
taagaaatagaat,0.307692307692308
aagaaatagaatt,0.307692307692308
agaaatagaatta,0.307692307692308
gaaatagaattag,0.307692307692308
aaatagaattagt,0.353846153846154
aatagaattagtt,0.353846153846154
atagaattagtta,0.369230769230769
tagaattagttat,0.369230769230769
agaattagttata,0.369230769230769
gaattagttatac,0.369230769230769
aattagttatacg,0.323076923076923
attagttatacgc,0.323076923076923
ttagttatacgca,0.338461538461538
tagttatacgcaa,0.338461538461538
agttatacgcaag,0.338461538461538
gttatacgcaagg,0.338461538461538
ttatacgcaaggc,0.338461538461538
tatacgcaaggca,0.338461538461538
atacgcaaggcag,0.261538461538462
tacgcaaggcagt,0.246153846153846
acgcaaggcagtt,0.246153846153846
cgcaaggcagttc,0.246153846153846
gcaaggcagttca,0.261538461538462
caaggcagttcaa,0.261538461538462
aaggcagttcaac,0.261538461538462
aggcagttcaacc,0.261538461538462
ggcagttcaaccc,0.261538461538462
gcagttcaacccc,0.261538461538462
cagttcaaccccc,0.261538461538462
agttcaacccccg,0.261538461538462
gttcaacccccgt,0.230769230769231
ttcaacccccgtc,0.230769230769231
tcaacccccgtcc,0.230769230769231
caacccccgtcct,0.230769230769231
aacccccgtccta,0.261538461538462
acccccgtcctag,0.261538461538462
cccccgtcctagt,0.307692307692308
ccccgtcctagtc,0.384615384615385
cccgtcctagtcc,0.384615384615385
ccgtcctagtcca,0.384615384615385
cgtcctagtccaa,0.384615384615385
gtcctagtccaac,0.384615384615385
tcctagtccaact,0.384615384615385
cctagtccaactg,0.384615384615385
ctagtccaactgg,0.384615384615385
tagtccaactggc,0.384615384615385
agtccaactggca,0.307692307692308
gtccaactggcaa,0.230769230769231
tccaactggcaaa,0.230769230769231
ccaactggcaaag,0.230769230769231
caactggcaaagg,0.230769230769231
aactggcaaaggc,0.230769230769231
actggcaaaggca,0.261538461538462
ctggcaaaggcac,0.261538461538462
tggcaaaggcaca,0.261538461538462
ggcaaaggcacaa,0.261538461538462
gcaaaggcacaac,0.261538461538462
caaaggcacaact,0.261538461538462
aaaggcacaactc,0.261538461538462
aaggcacaactcc,0.246153846153846
aggcacaactccc,0.246153846153846
ggcacaactcccc,0.230769230769231
gcacaactcccca,0.230769230769231
cacaactccccac,0.230769230769231
acaactccccacg,0.230769230769231
caactccccacgg,0.230769230769231
aactccccacgga,0.307692307692308
actccccacggat,0.307692307692308
ctccccacggatt,0.323076923076923
tccccacggattc,0.323076923076923
ccccacggattcc,0.323076923076923
cccacggattccg,0.323076923076923
ccacggattccgt,0.323076923076923
cacggattccgta,0.323076923076923
acggattccgtaa,0.323076923076923
cggattccgtaag,0.323076923076923
ggattccgtaaga,0.246153846153846
gattccgtaagat,0.2
attccgtaagatc,0.215384615384615
ttccgtaagatca,0.292307692307692
tccgtaagatcac,0.292307692307692
ccgtaagatcact,0.292307692307692
cgtaagatcacta,0.307692307692308
gtaagatcactag,0.307692307692308
taagatcactaga,0.323076923076923
aagatcactagat,0.323076923076923
agatcactagata,0.323076923076923
gatcactagatac,0.323076923076923
atcactagataca,0.353846153846154
tcactagatacat,0.353846153846154
cactagatacata,0.353846153846154
actagatacataa,0.353846153846154
ctagatacataag,0.276923076923077
tagatacataagt,0.292307692307692
agatacataagtc,0.369230769230769
gatacataagtcg,0.369230769230769
atacataagtcgt,0.369230769230769
tacataagtcgtc,0.369230769230769
acataagtcgtcg,0.369230769230769
cataagtcgtcgt,0.338461538461538
ataagtcgtcgtc,0.338461538461538
taagtcgtcgtca,0.338461538461538
aagtcgtcgtcag,0.323076923076923
agtcgtcgtcaga,0.323076923076923
gtcgtcgtcagat,0.323076923076923
tcgtcgtcagatg,0.323076923076923
cgtcgtcagatgt,0.323076923076923
gtcgtcagatgtg,0.323076923076923
tcgtcagatgtgt,0.323076923076923
cgtcagatgtgtt,0.307692307692308
gtcagatgtgtta,0.307692307692308
tcagatgtgttac,0.230769230769231
cagatgtgttact,0.230769230769231
agatgtgttactt,0.230769230769231
gatgtgttacttc,0.230769230769231
atgtgttacttca,0.230769230769231
tgtgttacttcat,0.230769230769231
gtgttacttcatg,0.230769230769231
tgttacttcatgc,0.230769230769231
gttacttcatgca,0.230769230769231
ttacttcatgcaa,0.230769230769231
tacttcatgcaaa,0.230769230769231
acttcatgcaaaa,0.230769230769231
cttcatgcaaaat,0.230769230769231
ttcatgcaaaatc,0.230769230769231
tcatgcaaaatcc,0.230769230769231
catgcaaaatccc,0.184615384615385
atgcaaaatccca,0.184615384615385
tgcaaaatcccac,0.184615384615385
gcaaaatcccaca,0.184615384615385
caaaatcccacaa,0.184615384615385
aaaatcccacaaa,0.184615384615385
aaatcccacaaaa,0.184615384615385
aatcccacaaaaa,0.184615384615385
atcccacaaaaaa,0.184615384615385
tcccacaaaaaat,0.184615384615385
cccacaaaaaatt,0.184615384615385
ccacaaaaaatta,0.184615384615385
cacaaaaaattat,0.246153846153846
acaaaaaattatg,0.246153846153846
caaaaaattatgc,0.246153846153846
aaaaaattatgcc,0.246153846153846
aaaaattatgcca,0.292307692307692
aaaattatgccaa,0.292307692307692
aaattatgccaaa,0.292307692307692
aattatgccaaag,0.292307692307692
attatgccaaagc,0.292307692307692
ttatgccaaagcc,0.276923076923077
tatgccaaagcct,0.276923076923077
atgccaaagccta,0.246153846153846
tgccaaagcctac,0.246153846153846
gccaaagcctacg,0.246153846153846
ccaaagcctacga,0.246153846153846
caaagcctacgat,0.246153846153846
aaagcctacgatt,0.246153846153846
aagcctacgatta,0.246153846153846
agcctacgattac,0.246153846153846
gcctacgattact,0.246153846153846
cctacgattactg,0.246153846153846
ctacgattactgt,0.276923076923077
tacgattactgtc,0.353846153846154
acgattactgtca,0.430769230769231
cgattactgtcat,0.430769230769231
gattactgtcata,0.430769230769231
attactgtcatag,0.353846153846154
ttactgtcatagg,0.338461538461538
tactgtcataggt,0.338461538461538
actgtcataggtc,0.338461538461538
ctgtcataggtct,0.338461538461538
tgtcataggtctc,0.338461538461538
gtcataggtctcg,0.338461538461538
tcataggtctcgc,0.338461538461538
cataggtctcgct,0.338461538461538
ataggtctcgctt,0.338461538461538
taggtctcgcttt,0.261538461538462
aggtctcgctttt,0.246153846153846
ggtctcgcttttt,0.246153846153846
gtctcgctttttc,0.230769230769231
tctcgctttttcc,0.169230769230769
ctcgctttttcct,0.169230769230769
tcgctttttcctt,0.169230769230769
cgctttttcctta,0.184615384615385
gctttttccttaa,0.184615384615385
ctttttccttaat,0.2
tttttccttaatt,0.2
ttttccttaattc,0.2
tttccttaattcg,0.2
ttccttaattcgg,0.230769230769231
tccttaattcggt,0.230769230769231
ccttaattcggta,0.230769230769231
cttaattcggtag,0.230769230769231
ttaattcggtagg,0.230769230769231
taattcggtaggc,0.246153846153846
aattcggtaggcc,0.246153846153846
attcggtaggcca,0.246153846153846
ttcggtaggccac,0.246153846153846
tcggtaggccact,0.246153846153846
cggtaggccacta,0.307692307692308
ggtaggccactaa,0.307692307692308
gtaggccactaag,0.338461538461538
taggccactaaga,0.338461538461538
aggccactaagaa,0.338461538461538
ggccactaagaac,0.338461538461538
gccactaagaacg,0.338461538461538
ccactaagaacgc,0.338461538461538
cactaagaacgcc,0.338461538461538
actaagaacgcca,0.338461538461538
ctaagaacgccag,0.261538461538462
taagaacgccagc,0.184615384615385
aagaacgccagcc,0.169230769230769
agaacgccagcca,0.246153846153846
gaacgccagccag,0.246153846153846
aacgccagccagc,0.246153846153846
acgccagccagca,0.246153846153846
cgccagccagcac,0.246153846153846
gccagccagcact,0.246153846153846
ccagccagcactc,0.246153846153846
cagccagcactct,0.261538461538462
agccagcactctt,0.261538461538462
gccagcactctta,0.261538461538462
ccagcactcttat,0.261538461538462
cagcactcttata,0.307692307692308
agcactcttatag,0.384615384615385
gcactcttatagc,0.384615384615385
cactcttatagcg,0.384615384615385
actcttatagcga,0.384615384615385
ctcttatagcgag,0.384615384615385
tcttatagcgagg,0.384615384615385
cttatagcgaggc,0.384615384615385
ttatagcgaggct,0.384615384615385
tatagcgaggctt,0.384615384615385
atagcgaggcttg,0.307692307692308
tagcgaggcttga,0.230769230769231
agcgaggcttgaa,0.2
gcgaggcttgaag,0.2
cgaggcttgaagc,0.2
gaggcttgaagcc,0.184615384615385
aggcttgaagccc,0.184615384615385
ggcttgaagccct,0.184615384615385
gcttgaagccctt,0.169230769230769
cttgaagcccttg,0.169230769230769
ttgaagcccttgt,0.169230769230769
tgaagcccttgtg,0.169230769230769
gaagcccttgtgg,0.169230769230769
aagcccttgtggg,0.169230769230769
agcccttgtgggc,0.169230769230769
gcccttgtgggcc,0.169230769230769
cccttgtgggccg,0.169230769230769
ccttgtgggccgt,0.169230769230769
cttgtgggccgta,0.2
ttgtgggccgtag,0.276923076923077
