Subsequence,Contains
ggagcatcggaggtga,0.1875
gagcatcggaggtgat,0.1875
agcatcggaggtgatg,0.2125
gcatcggaggtgatgg,0.2125
catcggaggtgatggg,0.2125
atcggaggtgatgggc,0.2125
tcggaggtgatgggca,0.25
cggaggtgatgggcag,0.25
ggaggtgatgggcagg,0.25
gaggtgatgggcaggc,0.25
aggtgatgggcaggcg,0.25
ggtgatgggcaggcgc,0.25
gtgatgggcaggcgct,0.25
tgatgggcaggcgctc,0.25
gatgggcaggcgctca,0.25
atgggcaggcgctcac,0.25
tgggcaggcgctcaca,0.25
gggcaggcgctcacat,0.25
ggcaggcgctcacata,0.25
gcaggcgctcacataa,0.2
caggcgctcacataag,0.2
aggcgctcacataagc,0.2
ggcgctcacataagct,0.2
gcgctcacataagctg,0.2
cgctcacataagctga,0.2
gctcacataagctgat,0.1875
ctcacataagctgatt,0.1875
tcacataagctgattg,0.1875
cacataagctgattgg,0.1875
acataagctgattgga,0.1875
cataagctgattggat,0.1875
ataagctgattggatt,0.1875
taagctgattggattc,0.1875
aagctgattggattcc,0.1875
agctgattggattccg,0.1875
gctgattggattccgt,0.1875
ctgattggattccgtc,0.225
tgattggattccgtcc,0.225
gattggattccgtcca,0.225
attggattccgtccaa,0.225
ttggattccgtccaat,0.25
tggattccgtccaatg,0.3125
ggattccgtccaatgt,0.3125
gattccgtccaatgtc,0.3125
attccgtccaatgtca,0.3125
ttccgtccaatgtcag,0.3125
tccgtccaatgtcagt,0.3125
ccgtccaatgtcagtc,0.3125
cgtccaatgtcagtcc,0.3125
gtccaatgtcagtccg,0.3125
tccaatgtcagtccgg,0.3125
ccaatgtcagtccggc,0.3125
caatgtcagtccggca,0.3125
aatgtcagtccggcaa,0.3125
atgtcagtccggcaat,0.375
tgtcagtccggcaatg,0.4375
gtcagtccggcaatgt,0.4375
tcagtccggcaatgtg,0.4375
cagtccggcaatgtga,0.4375
agtccggcaatgtgag,0.4375
gtccggcaatgtgagt,0.4375
tccggcaatgtgagta,0.4375
ccggcaatgtgagtat,0.4375
cggcaatgtgagtatc,0.4375
ggcaatgtgagtatct,0.4375
gcaatgtgagtatctt,0.375
caatgtgagtatcttg,0.3125
aatgtgagtatcttgc,0.25
atgtgagtatcttgcc,0.1875
tgtgagtatcttgccg,0.1875
gtgagtatcttgccgt,0.1875
tgagtatcttgccgtg,0.1875
gagtatcttgccgtgg,0.1875
agtatcttgccgtggt,0.1875
gtatcttgccgtggtc,0.1875
tatcttgccgtggtca,0.1875
atcttgccgtggtcaa,0.2125
tcttgccgtggtcaac,0.2125
cttgccgtggtcaacg,0.225
ttgccgtggtcaacgg,0.225
tgccgtggtcaacgga,0.2375
gccgtggtcaacggac,0.2375
ccgtggtcaacggact,0.2375
cgtggtcaacggacta,0.2375
gtggtcaacggactat,0.2375
tggtcaacggactata,0.2375
ggtcaacggactatag,0.2375
gtcaacggactatagt,0.225
tcaacggactatagtc,0.2125
caacggactatagtca,0.2125
aacggactatagtcac,0.1875
acggactatagtcact,0.1625
cggactatagtcactc,0.225
ggactatagtcactcc,0.225
gactatagtcactccc,0.2125
actatagtcactccct,0.25
ctatagtcactcccta,0.25
tatagtcactccctaa,0.25
atagtcactccctaag,0.25
tagtcactccctaaga,0.25
agtcactccctaagag,0.25
gtcactccctaagagc,0.25
tcactccctaagagcg,0.25
cactccctaagagcga,0.25
actccctaagagcgat,0.25
ctccctaagagcgata,0.25
tccctaagagcgatag,0.25
ccctaagagcgataga,0.25
cctaagagcgatagag,0.225
ctaagagcgatagagg,0.225
taagagcgatagaggg,0.225
aagagcgatagaggga,0.225
agagcgatagagggat,0.225
gagcgatagagggatt,0.225
agcgatagagggattg,0.225
gcgatagagggattgt,0.225
cgatagagggattgtg,0.2125
gatagagggattgtga,0.2125
atagagggattgtgat,0.2125
tagagggattgtgata,0.2125
agagggattgtgataa,0.2125
gagggattgtgataag,0.2125
agggattgtgataagc,0.225
gggattgtgataagcc,0.2875
ggattgtgataagcca,0.2875
gattgtgataagccag,0.2875
attgtgataagccagc,0.2875
ttgtgataagccagct,0.2875
tgtgataagccagctc,0.2875
gtgataagccagctct,0.2875
tgataagccagctcta,0.2875
gataagccagctctaa,0.275
ataagccagctctaaa,0.275
taagccagctctaaaa,0.25
aagccagctctaaaaa,0.25
agccagctctaaaaat,0.25
gccagctctaaaaata,0.25
ccagctctaaaaatag,0.25
cagctctaaaaatagg,0.25
agctctaaaaataggt,0.25
gctctaaaaataggtt,0.25
ctctaaaaataggttt,0.25
tctaaaaataggtttg,0.2
ctaaaaataggtttgt,0.2
taaaaataggtttgta,0.2
aaaaataggtttgtag,0.1875
aaaataggtttgtagt,0.1875
aaataggtttgtagta,0.1875
aataggtttgtagtat,0.1875
ataggtttgtagtata,0.1375
taggtttgtagtataa,0.15
aggtttgtagtataag,0.15
ggtttgtagtataagg,0.15
gtttgtagtataaggc,0.1875
tttgtagtataaggca,0.25
ttgtagtataaggcaa,0.3125
tgtagtataaggcaat,0.375
gtagtataaggcaatg,0.4375
tagtataaggcaatga,0.5
agtataaggcaatgaa,0.5625
gtataaggcaatgaaa,0.625
tataaggcaatgaaac,0.6875
ataaggcaatgaaacc,0.75
taaggcaatgaaaccc,0.8125
aaggcaatgaaaccct,0.875
aggcaatgaaaccctc,0.9375
ggcaatgaaaccctct,1
gcaatgaaaccctctc,0.9375
caatgaaaccctctca,0.875
aatgaaaccctctcac,0.8125
atgaaaccctctcaca,0.75
tgaaaccctctcacat,0.6875
gaaaccctctcacatc,0.625
aaaccctctcacatcg,0.5625
aaccctctcacatcga,0.5
accctctcacatcgag,0.4375
ccctctcacatcgagg,0.375
cctctcacatcgaggt,0.3125
ctctcacatcgaggtt,0.25
tctcacatcgaggttt,0.1875
ctcacatcgaggtttt,0.1875
tcacatcgaggttttc,0.175
cacatcgaggttttcc,0.175
acatcgaggttttccg,0.15
catcgaggttttccgg,0.15
atcgaggttttccggc,0.1875
tcgaggttttccggct,0.1875
cgaggttttccggctg,0.1875
gaggttttccggctgc,0.1875
aggttttccggctgct,0.1875
ggttttccggctgctg,0.1875
gttttccggctgctgg,0.1875
ttttccggctgctggc,0.1875
tttccggctgctggcc,0.1875
ttccggctgctggccc,0.1875
tccggctgctggccca,0.1875
ccggctgctggcccat,0.1875
cggctgctggcccatt,0.1875
ggctgctggcccatta,0.1875
gctgctggcccattag,0.1875
ctgctggcccattaga,0.1875
tgctggcccattagaa,0.225
gctggcccattagaaa,0.2875
ctggcccattagaaaa,0.2875
tggcccattagaaaat,0.2875
ggcccattagaaaatt,0.2875
gcccattagaaaattg,0.2875
cccattagaaaattgt,0.2875
ccattagaaaattgta,0.2875
cattagaaaattgtag,0.2875
attagaaaattgtagg,0.25
ttagaaaattgtaggt,0.25
tagaaaattgtaggta,0.25
agaaaattgtaggtat,0.25
gaaaattgtaggtatt,0.25
aaaattgtaggtattc,0.1875
aaattgtaggtattct,0.1875
aattgtaggtattctc,0.1875
attgtaggtattctcc,0.1875
ttgtaggtattctcca,0.1875
tgtaggtattctccaa,0.1875
gtaggtattctccaat,0.25
taggtattctccaatt,0.25
aggtattctccaattt,0.25
ggtattctccaatttc,0.25
gtattctccaatttca,0.25
tattctccaatttcat,0.25
attctccaatttcatg,0.25
ttctccaatttcatga,0.25
tctccaatttcatgag,0.25
ctccaatttcatgagc,0.25
tccaatttcatgagct,0.25
ccaatttcatgagctc,0.25
caatttcatgagctca,0.25
aatttcatgagctcat,0.25
atttcatgagctcatg,0.25
tttcatgagctcatgc,0.25
ttcatgagctcatgcc,0.25
tcatgagctcatgcca,0.25
catgagctcatgccat,0.25
atgagctcatgccatc,0.25
tgagctcatgccatcc,0.225
gagctcatgccatcct,0.2875
agctcatgccatcctt,0.2875
gctcatgccatccttg,0.2875
ctcatgccatccttga,0.2875
tcatgccatccttgag,0.2875
catgccatccttgagg,0.2875
atgccatccttgaggg,0.2875
tgccatccttgaggga,0.225
gccatccttgagggat,0.2
ccatccttgagggatt,0.2
catccttgagggattc,0.2
atccttgagggattca,0.2
tccttgagggattcac,0.1875
ccttgagggattcaca,0.1875
cttgagggattcacac,0.2375
ttgagggattcacact,0.2375
tgagggattcacactg,0.2375
gagggattcacactgc,0.2375
agggattcacactgcg,0.2375
gggattcacactgcgg,0.2375
ggattcacactgcggt,0.2
gattcacactgcggtc,0.2
attcacactgcggtca,0.2
ttcacactgcggtcaa,0.2125
tcacactgcggtcaac,0.2125
cacactgcggtcaacc,0.25
acactgcggtcaacct,0.25
cactgcggtcaacctg,0.25
actgcggtcaacctgc,0.25
ctgcggtcaacctgcc,0.25
tgcggtcaacctgccg,0.25
gcggtcaacctgccgg,0.25
cggtcaacctgccggc,0.25
ggtcaacctgccggca,0.25
gtcaacctgccggcaa,0.3125
tcaacctgccggcaag,0.3125
caacctgccggcaaga,0.3375
aacctgccggcaagat,0.3375
acctgccggcaagata,0.35
cctgccggcaagatag,0.35
ctgccggcaagatagc,0.3625
tgccggcaagatagcc,0.425
gccggcaagatagcct,0.4875
ccggcaagatagccta,0.4875
cggcaagatagcctac,0.4875
ggcaagatagcctaca,0.4875
gcaagatagcctacaa,0.425
caagatagcctacaac,0.3625
aagatagcctacaaca,0.3
agatagcctacaacag,0.275
gatagcctacaacagg,0.275
atagcctacaacaggc,0.2125
tagcctacaacaggca,0.25
agcctacaacaggcac,0.25
gcctacaacaggcacc,0.25
cctacaacaggcaccg,0.25
ctacaacaggcaccgc,0.25
tacaacaggcaccgcg,0.25
acaacaggcaccgcgt,0.25
caacaggcaccgcgtt,0.25
aacaggcaccgcgttg,0.25
acaggcaccgcgttga,0.25
caggcaccgcgttgaa,0.275
aggcaccgcgttgaaa,0.3375
ggcaccgcgttgaaat,0.3375
gcaccgcgttgaaatg,0.3375
caccgcgttgaaatgg,0.3375
accgcgttgaaatgga,0.3375
ccgcgttgaaatggat,0.3375
cgcgttgaaatggatc,0.3375
gcgttgaaatggatct,0.3375
cgttgaaatggatctc,0.3125
gttgaaatggatctcc,0.3125
ttgaaatggatctcct,0.375
tgaaatggatctcctt,0.375
gaaatggatctcctta,0.375
aaatggatctccttag,0.3625
aatggatctccttaga,0.3625
atggatctccttagaa,0.3
tggatctccttagaat,0.2375
ggatctccttagaata,0.1875
gatctccttagaatat,0.1875
atctccttagaatatt,0.1875
tctccttagaatattg,0.1875
ctccttagaatattgg,0.1875
tccttagaatattgga,0.1875
ccttagaatattggac,0.1875
cttagaatattggact,0.1875
ttagaatattggactt,0.1875
tagaatattggacttc,0.1875
agaatattggacttcg,0.1875
gaatattggacttcgt,0.1875
aatattggacttcgtg,0.1875
atattggacttcgtgt,0.15
tattggacttcgtgtc,0.15
attggacttcgtgtcc,0.15
ttggacttcgtgtccc,0.1875
tggacttcgtgtcccc,0.1875
ggacttcgtgtccccc,0.2
gacttcgtgtccccca,0.2
acttcgtgtcccccaa,0.2
cttcgtgtcccccaag,0.2
ttcgtgtcccccaaga,0.2125
tcgtgtcccccaagaa,0.275
cgtgtcccccaagaac,0.275
gtgtcccccaagaacg,0.275
tgtcccccaagaacgc,0.275
gtcccccaagaacgca,0.275
tcccccaagaacgcat,0.275
cccccaagaacgcatt,0.275
ccccaagaacgcattg,0.275
cccaagaacgcattga,0.325
ccaagaacgcattgag,0.325
caagaacgcattgagc,0.325
aagaacgcattgagct,0.325
agaacgcattgagcta,0.325
gaacgcattgagctat,0.325
aacgcattgagctatt,0.325
acgcattgagctatta,0.325
cgcattgagctattac,0.325
gcattgagctattaca,0.325
cattgagctattacat,0.2625
attgagctattacatc,0.2375
ttgagctattacatct,0.2375
tgagctattacatctt,0.25
gagctattacatcttc,0.3125
agctattacatcttct,0.375
gctattacatcttctg,0.375
ctattacatcttctgg,0.3125
tattacatcttctggc,0.3
attacatcttctggct,0.3
ttacatcttctggctc,0.2375
tacatcttctggctca,0.225
acatcttctggctcag,0.225
catcttctggctcagg,0.2125
atcttctggctcaggg,0.2125
tcttctggctcagggt,0.2
cttctggctcagggtc,0.2
ttctggctcagggtca,0.1875
tctggctcagggtcat,0.1875
ctggctcagggtcatt,0.1875
tggctcagggtcatta,0.1875
ggctcagggtcattaa,0.225
gctcagggtcattaat,0.225
ctcagggtcattaata,0.225
tcagggtcattaatac,0.25
cagggtcattaatact,0.25
agggtcattaatactc,0.2625
gggtcattaatactcc,0.275
ggtcattaatactccc,0.275
gtcattaatactccca,0.2625
tcattaatactcccaa,0.25
cattaatactcccaat,0.25
attaatactcccaatc,0.25
ttaatactcccaatcc,0.25
taatactcccaatcct,0.2625
aatactcccaatcctg,0.2625
atactcccaatcctgc,0.2625
tactcccaatcctgcg,0.2625
actcccaatcctgcgc,0.2625
ctcccaatcctgcgct,0.2625
tcccaatcctgcgcta,0.2625
cccaatcctgcgctac,0.2625
ccaatcctgcgctacg,0.2625
caatcctgcgctacgt,0.2625
aatcctgcgctacgta,0.2625
atcctgcgctacgtat,0.2
tcctgcgctacgtata,0.1875
cctgcgctacgtatat,0.1875
ctgcgctacgtatatt,0.1625
tgcgctacgtatattc,0.1625
gcgctacgtatattct,0.1875
cgctacgtatattctg,0.1875
gctacgtatattctgc,0.1875
ctacgtatattctgcg,0.1875
tacgtatattctgcgc,0.1875
acgtatattctgcgcg,0.1875
cgtatattctgcgcga,0.1875
gtatattctgcgcgac,0.1875
tatattctgcgcgact,0.1875
atattctgcgcgactc,0.1875
tattctgcgcgactcc,0.1875
attctgcgcgactcca,0.1875
ttctgcgcgactccat,0.1875
tctgcgcgactccata,0.1875
ctgcgcgactccatac,0.1875
tgcgcgactccatacg,0.1875
gcgcgactccatacgt,0.1875
cgcgactccatacgtg,0.1875
gcgactccatacgtgc,0.1875
cgactccatacgtgca,0.1875
gactccatacgtgcac,0.1875
actccatacgtgcact,0.2
ctccatacgtgcactg,0.2625
tccatacgtgcactga,0.325
ccatacgtgcactgat,0.325
catacgtgcactgatt,0.325
atacgtgcactgattt,0.325
tacgtgcactgatttg,0.325
acgtgcactgatttgt,0.325
cgtgcactgatttgtg,0.325
gtgcactgatttgtgt,0.325
tgcactgatttgtgta,0.325
gcactgatttgtgtaa,0.325
cactgatttgtgtaac,0.2625
actgatttgtgtaact,0.2625
ctgatttgtgtaacta,0.2625
tgatttgtgtaactat,0.2625
gatttgtgtaactatc,0.2875
atttgtgtaactatca,0.2875
tttgtgtaactatcac,0.2875
ttgtgtaactatcaca,0.2875
tgtgtaactatcacag,0.2875
gtgtaactatcacagt,0.2875
tgtaactatcacagtg,0.2875
gtaactatcacagtga,0.2625
taactatcacagtgat,0.2625
aactatcacagtgata,0.275
actatcacagtgatac,0.3375
ctatcacagtgatacc,0.4
tatcacagtgataccc,0.4625
atcacagtgataccct,0.525
tcacagtgataccctc,0.5875
cacagtgataccctcc,0.5875
acagtgataccctccc,0.5875
cagtgataccctcccc,0.5875
agtgataccctccccg,0.525
gtgataccctccccga,0.5125
tgataccctccccgac,0.5125
gataccctccccgaca,0.45
ataccctccccgacaa,0.3875
taccctccccgacaac,0.375
accctccccgacaact,0.375
ccctccccgacaactt,0.3125
cctccccgacaacttc,0.25
ctccccgacaacttcg,0.225
tccccgacaacttcgt,0.225
ccccgacaacttcgtc,0.225
cccgacaacttcgtct,0.225
ccgacaacttcgtctg,0.225
cgacaacttcgtctgg,0.225
gacaacttcgtctggt,0.225
acaacttcgtctggtc,0.2
caacttcgtctggtcc,0.2
aacttcgtctggtccc,0.2
acttcgtctggtcccg,0.2
cttcgtctggtcccgt,0.2
ttcgtctggtcccgtt,0.2
tcgtctggtcccgtta,0.2
cgtctggtcccgttag,0.2
gtctggtcccgttagc,0.1875
tctggtcccgttagct,0.1875
ctggtcccgttagctc,0.1875
tggtcccgttagctcc,0.1875
ggtcccgttagctccc,0.1875
gtcccgttagctcccc,0.1875
tcccgttagctccccc,0.2
cccgttagctcccccc,0.2
ccgttagctccccccg,0.2
cgttagctccccccga,0.2
gttagctccccccgaa,0.2
ttagctccccccgaaa,0.25
tagctccccccgaaaa,0.25
agctccccccgaaaat,0.25
gctccccccgaaaatt,0.25
ctccccccgaaaattt,0.25
tccccccgaaaatttg,0.25
ccccccgaaaatttgc,0.25
cccccgaaaatttgcg,0.25
ccccgaaaatttgcgg,0.25
cccgaaaatttgcggg,0.25
ccgaaaatttgcggga,0.25
cgaaaatttgcgggaa,0.25
gaaaatttgcgggaac,0.25
aaaatttgcgggaaca,0.2
aaatttgcgggaacac,0.2125
aatttgcgggaacacc,0.275
atttgcgggaacaccg,0.275
tttgcgggaacaccgt,0.2875
ttgcgggaacaccgtt,0.2875
tgcgggaacaccgttc,0.2875
gcgggaacaccgttcc,0.2875
cgggaacaccgttccc,0.2875
gggaacaccgttccct,0.2875
ggaacaccgttcccta,0.2875
gaacaccgttccctac,0.2875
aacaccgttccctact,0.275
acaccgttccctacta,0.275
caccgttccctactag,0.275
accgttccctactaga,0.275
ccgttccctactagat,0.275
cgttccctactagatc,0.275
gttccctactagatct,0.275
ttccctactagatctc,0.275
tccctactagatctct,0.275
ccctactagatctctc,0.275
cctactagatctctcc,0.25
ctactagatctctcct,0.25
tactagatctctccta,0.25
actagatctctcctat,0.25
ctagatctctcctatt,0.25
tagatctctcctattt,0.25
agatctctcctattta,0.25
gatctctcctatttag,0.25
atctctcctatttagt,0.25
tctctcctatttagtg,0.25
ctctcctatttagtgt,0.25
tctcctatttagtgtg,0.2
ctcctatttagtgtgt,0.2
tcctatttagtgtgtg,0.2
cctatttagtgtgtgg,0.2
ctatttagtgtgtggt,0.1375
tatttagtgtgtggta,0.1375
atttagtgtgtggtag,0.1375
tttagtgtgtggtagg,0.1375
ttagtgtgtggtaggt,0.1375
tagtgtgtggtaggtc,0.1375
agtgtgtggtaggtct,0.1875
gtgtgtggtaggtctg,0.1875
tgtgtggtaggtctgg,0.1875
gtgtggtaggtctgga,0.1875
tgtggtaggtctggag,0.1875
gtggtaggtctggagg,0.1875
tggtaggtctggaggc,0.1875
ggtaggtctggaggcg,0.1875
gtaggtctggaggcgc,0.1875
taggtctggaggcgca,0.1875
aggtctggaggcgcaa,0.25
ggtctggaggcgcaat,0.3125
gtctggaggcgcaatc,0.3125
tctggaggcgcaatcg,0.3125
ctggaggcgcaatcgg,0.3125
tggaggcgcaatcggt,0.3125
ggaggcgcaatcggtc,0.3125
gaggcgcaatcggtca,0.3125
aggcgcaatcggtcaa,0.3125
ggcgcaatcggtcaaa,0.3125
gcgcaatcggtcaaac,0.3125
cgcaatcggtcaaact,0.3125
gcaatcggtcaaacta,0.3125
caatcggtcaaactat,0.2625
aatcggtcaaactata,0.2625
atcggtcaaactataa,0.2625
tcggtcaaactataag,0.2625
cggtcaaactataagc,0.2625
ggtcaaactataagcg,0.2625
gtcaaactataagcgc,0.2625
tcaaactataagcgcc,0.2625
caaactataagcgccg,0.25
aaactataagcgccgg,0.25
aactataagcgccggg,0.2
actataagcgccggga,0.2
ctataagcgccgggag,0.2
tataagcgccgggagc,0.1875
ataagcgccgggagcg,0.1875
taagcgccgggagcgc,0.1625
aagcgccgggagcgct,0.1625
agcgccgggagcgctg,0.1625
gcgccgggagcgctga,0.2125
cgccgggagcgctgat,0.2125
gccgggagcgctgatg,0.2125
ccgggagcgctgatgc,0.2125
cgggagcgctgatgcg,0.2125
gggagcgctgatgcgc,0.2125
ggagcgctgatgcgcc,0.2125
gagcgctgatgcgcca,0.2125
agcgctgatgcgccac,0.2125
gcgctgatgcgccaca,0.2125
cgctgatgcgccacac,0.1875
gctgatgcgccacacc,0.2
ctgatgcgccacaccc,0.2625
tgatgcgccacacccg,0.2625
gatgcgccacacccgg,0.2625
atgcgccacacccggg,0.2625
tgcgccacacccgggc,0.2625
gcgccacacccgggcg,0.2625
cgccacacccgggcgc,0.2625
gccacacccgggcgca,0.2625
ccacacccgggcgcaa,0.2625
cacacccgggcgcaag,0.2625
acacccgggcgcaagt,0.2625
cacccgggcgcaagtg,0.275
acccgggcgcaagtga,0.3375
cccgggcgcaagtgac,0.3375
ccgggcgcaagtgacc,0.3375
cgggcgcaagtgacca,0.3375
gggcgcaagtgaccac,0.3375
ggcgcaagtgaccact,0.3375
gcgcaagtgaccacta,0.3375
cgcaagtgaccactat,0.3375
gcaagtgaccactata,0.3375
caagtgaccactataa,0.275
aagtgaccactataaa,0.225
agtgaccactataaaa,0.275
gtgaccactataaaaa,0.275
tgaccactataaaaaa,0.275
gaccactataaaaaac,0.275
accactataaaaaact,0.3
ccactataaaaaactc,0.3625
cactataaaaaactcc,0.3625
actataaaaaactcct,0.3625
ctataaaaaactcctc,0.4
tataaaaaactcctct,0.4625
ataaaaaactcctcta,0.4625
taaaaaactcctctat,0.4625
aaaaaactcctctatg,0.4625
aaaaactcctctatgg,0.4625
aaaactcctctatggt,0.4625
aaactcctctatggta,0.4625
aactcctctatggtac,0.4
actcctctatggtacc,0.3375
ctcctctatggtacct,0.3125
tcctctatggtaccta,0.3125
cctctatggtacctag,0.3125
ctctatggtacctaga,0.2875
tctatggtacctagaa,0.2875
ctatggtacctagaaa,0.2875
tatggtacctagaaaa,0.275
atggtacctagaaaac,0.275
tggtacctagaaaacc,0.325
ggtacctagaaaacca,0.325
gtacctagaaaaccag,0.325
tacctagaaaaccagc,0.325
acctagaaaaccagcc,0.325
cctagaaaaccagcca,0.325
ctagaaaaccagccag,0.325
tagaaaaccagccagg,0.325
agaaaaccagccaggg,0.325
gaaaaccagccagggg,0.325
aaaaccagccaggggg,0.3125
aaaccagccagggggc,0.3125
aaccagccagggggca,0.25
accagccagggggcat,0.25
ccagccagggggcata,0.25
cagccagggggcataa,0.25
agccagggggcataag,0.25
gccagggggcataagt,0.25
ccagggggcataagtt,0.25
cagggggcataagttt,0.25
agggggcataagtttt,0.25
gggggcataagttttc,0.25
ggggcataagttttca,0.25
gggcataagttttcag,0.25
ggcataagttttcagc,0.25
gcataagttttcagcg,0.1875
cataagttttcagcgt,0.15
ataagttttcagcgtt,0.15
taagttttcagcgtta,0.125
aagttttcagcgttaa,0.1375
agttttcagcgttaac,0.1875
gttttcagcgttaact,0.1875
ttttcagcgttaactg,0.1875
tttcagcgttaactga,0.2125
ttcagcgttaactgag,0.2125
tcagcgttaactgagc,0.2125
cagcgttaactgagcc,0.2125
agcgttaactgagccg,0.2125
gcgttaactgagccgt,0.2125
cgttaactgagccgtt,0.2125
gttaactgagccgttt,0.2125
ttaactgagccgtttg,0.2125
taactgagccgtttgg,0.2125
aactgagccgtttgga,0.2125
actgagccgtttggaa,0.2
ctgagccgtttggaat,0.2125
tgagccgtttggaata,0.2125
gagccgtttggaatac,0.2125
agccgtttggaatact,0.225
gccgtttggaatacta,0.225
ccgtttggaatactaa,0.225
cgtttggaatactaag,0.225
gtttggaatactaagc,0.225
tttggaatactaagct,0.225
ttggaatactaagctg,0.225
tggaatactaagctga,0.225
ggaatactaagctgac,0.2125
gaatactaagctgacc,0.2125
aatactaagctgaccc,0.25
atactaagctgaccca,0.25
tactaagctgacccac,0.2625
actaagctgacccact,0.325
ctaagctgacccacta,0.325
taagctgacccactaa,0.325
aagctgacccactaag,0.325
agctgacccactaaga,0.325
gctgacccactaagaa,0.325
ctgacccactaagaaa,0.325
tgacccactaagaaat,0.325
gacccactaagaaata,0.325
acccactaagaaatag,0.325
cccactaagaaataga,0.275
ccactaagaaatagaa,0.2875
cactaagaaatagaat,0.2875
actaagaaatagaatt,0.2875
ctaagaaatagaatta,0.2875
taagaaatagaattag,0.2875
aagaaatagaattagt,0.2875
agaaatagaattagtt,0.2875
gaaatagaattagtta,0.2875
aaatagaattagttat,0.275
aatagaattagttata,0.275
atagaattagttatac,0.2125
tagaattagttatacg,0.2
agaattagttatacgc,0.2
gaattagttatacgca,0.2
aattagttatacgcaa,0.25
attagttatacgcaag,0.25
ttagttatacgcaagg,0.2625
tagttatacgcaaggc,0.2625
agttatacgcaaggca,0.275
gttatacgcaaggcag,0.275
ttatacgcaaggcagt,0.275
tatacgcaaggcagtt,0.275
atacgcaaggcagttc,0.275
tacgcaaggcagttca,0.275
acgcaaggcagttcaa,0.2875
cgcaaggcagttcaac,0.35
gcaaggcagttcaacc,0.4125
caaggcagttcaaccc,0.475
aaggcagttcaacccc,0.475
aggcagttcaaccccc,0.4875
ggcagttcaacccccg,0.4875
gcagttcaacccccgt,0.425
cagttcaacccccgtc,0.3625
agttcaacccccgtcc,0.325
gttcaacccccgtcct,0.325
ttcaacccccgtccta,0.325
tcaacccccgtcctag,0.325
caacccccgtcctagt,0.325
aacccccgtcctagtc,0.325
acccccgtcctagtcc,0.2625
cccccgtcctagtcca,0.2125
ccccgtcctagtccaa,0.2125
cccgtcctagtccaac,0.2125
ccgtcctagtccaact,0.2
cgtcctagtccaactg,0.2125
gtcctagtccaactgg,0.2125
tcctagtccaactggc,0.2125
cctagtccaactggca,0.25
ctagtccaactggcaa,0.3125
tagtccaactggcaaa,0.3125
agtccaactggcaaag,0.325
gtccaactggcaaagg,0.325
tccaactggcaaaggc,0.325
ccaactggcaaaggca,0.325
caactggcaaaggcac,0.35
aactggcaaaggcaca,0.35
actggcaaaggcacaa,0.35
ctggcaaaggcacaac,0.35
tggcaaaggcacaact,0.35
ggcaaaggcacaactc,0.3875
gcaaaggcacaactcc,0.325
caaaggcacaactccc,0.2625
aaaggcacaactcccc,0.25
aaggcacaactcccca,0.25
aggcacaactccccac,0.25
ggcacaactccccacg,0.25
gcacaactccccacgg,0.225
cacaactccccacgga,0.225
acaactccccacggat,0.225
caactccccacggatt,0.225
aactccccacggattc,0.225
actccccacggattcc,0.2
ctccccacggattccg,0.2
tccccacggattccgt,0.2
ccccacggattccgta,0.2
cccacggattccgtaa,0.2
ccacggattccgtaag,0.1875
cacggattccgtaaga,0.1875
acggattccgtaagat,0.1625
cggattccgtaagatc,0.1625
ggattccgtaagatca,0.1625
gattccgtaagatcac,0.1625
attccgtaagatcact,0.1625
ttccgtaagatcacta,0.1625
tccgtaagatcactag,0.1625
ccgtaagatcactaga,0.1625
cgtaagatcactagat,0.1625
gtaagatcactagata,0.175
taagatcactagatac,0.2375
aagatcactagataca,0.2375
agatcactagatacat,0.2375
gatcactagatacata,0.2375
atcactagatacataa,0.2375
tcactagatacataag,0.2375
cactagatacataagt,0.2375
actagatacataagtc,0.2
ctagatacataagtcg,0.2
tagatacataagtcgt,0.2
agatacataagtcgtc,0.2
gatacataagtcgtcg,0.2
atacataagtcgtcgt,0.1875
tacataagtcgtcgtc,0.1875
acataagtcgtcgtca,0.1875
cataagtcgtcgtcag,0.1875
ataagtcgtcgtcaga,0.1875
taagtcgtcgtcagat,0.1625
aagtcgtcgtcagatg,0.225
agtcgtcgtcagatgt,0.225
gtcgtcgtcagatgtg,0.225
tcgtcgtcagatgtgt,0.225
cgtcgtcagatgtgtt,0.225
gtcgtcagatgtgtta,0.225
tcgtcagatgtgttac,0.225
cgtcagatgtgttact,0.225
gtcagatgtgttactt,0.225
tcagatgtgttacttc,0.2125
cagatgtgttacttca,0.2125
agatgtgttacttcat,0.1875
gatgtgttacttcatg,0.1875
atgtgttacttcatgc,0.1875
tgtgttacttcatgca,0.2
gtgttacttcatgcaa,0.2625
tgttacttcatgcaaa,0.275
gttacttcatgcaaaa,0.275
ttacttcatgcaaaat,0.275
tacttcatgcaaaatc,0.275
acttcatgcaaaatcc,0.275
cttcatgcaaaatccc,0.3125
ttcatgcaaaatccca,0.3125
tcatgcaaaatcccac,0.325
catgcaaaatcccaca,0.325
atgcaaaatcccacaa,0.325
tgcaaaatcccacaaa,0.325
gcaaaatcccacaaaa,0.325
caaaatcccacaaaaa,0.2875
aaaatcccacaaaaaa,0.2875
aaatcccacaaaaaat,0.2875
aatcccacaaaaaatt,0.275
atcccacaaaaaatta,0.225
tcccacaaaaaattat,0.225
cccacaaaaaattatg,0.225
ccacaaaaaattatgc,0.225
cacaaaaaattatgcc,0.225
acaaaaaattatgcca,0.225
caaaaaattatgccaa,0.225
aaaaaattatgccaaa,0.225
aaaaattatgccaaag,0.225
aaaattatgccaaagc,0.225
aaattatgccaaagcc,0.2625
aattatgccaaagcct,0.325
attatgccaaagccta,0.325
ttatgccaaagcctac,0.325
tatgccaaagcctacg,0.325
atgccaaagcctacga,0.325
tgccaaagcctacgat,0.325
gccaaagcctacgatt,0.325
ccaaagcctacgatta,0.325
caaagcctacgattac,0.325
aaagcctacgattact,0.325
aagcctacgattactg,0.2625
agcctacgattactgt,0.2
gcctacgattactgtc,0.1875
cctacgattactgtca,0.1875
ctacgattactgtcat,0.15
tacgattactgtcata,0.15
acgattactgtcatag,0.15
cgattactgtcatagg,0.15
gattactgtcataggt,0.15
attactgtcataggtc,0.15
ttactgtcataggtct,0.1875
tactgtcataggtctc,0.1875
actgtcataggtctcg,0.1875
ctgtcataggtctcgc,0.1875
tgtcataggtctcgct,0.1875
gtcataggtctcgctt,0.1875
tcataggtctcgcttt,0.1875
cataggtctcgctttt,0.1875
ataggtctcgcttttt,0.1875
taggtctcgctttttc,0.1875
aggtctcgctttttcc,0.1875
ggtctcgctttttcct,0.1875
gtctcgctttttcctt,0.1875
tctcgctttttcctta,0.1875
ctcgctttttccttaa,0.1875
tcgctttttccttaat,0.1875
cgctttttccttaatt,0.1875
gctttttccttaattc,0.1875
ctttttccttaattcg,0.1875
tttttccttaattcgg,0.1875
ttttccttaattcggt,0.1875
tttccttaattcggta,0.1875
ttccttaattcggtag,0.1875
tccttaattcggtagg,0.1875
ccttaattcggtaggc,0.1875
cttaattcggtaggcc,0.1875
ttaattcggtaggcca,0.2
taattcggtaggccac,0.2
aattcggtaggccact,0.2
attcggtaggccacta,0.2
ttcggtaggccactaa,0.225
tcggtaggccactaag,0.225
cggtaggccactaaga,0.225
ggtaggccactaagaa,0.225
gtaggccactaagaac,0.2625
taggccactaagaacg,0.2625
aggccactaagaacgc,0.275
ggccactaagaacgcc,0.2875
gccactaagaacgcca,0.275
ccactaagaacgccag,0.2625
cactaagaacgccagc,0.2625
actaagaacgccagcc,0.2375
ctaagaacgccagcca,0.2375
taagaacgccagccag,0.2375
aagaacgccagccagc,0.2375
agaacgccagccagca,0.2125
gaacgccagccagcac,0.2125
aacgccagccagcact,0.2125
acgccagccagcactc,0.2125
cgccagccagcactct,0.275
gccagccagcactctt,0.275
ccagccagcactctta,0.275
cagccagcactcttat,0.275
agccagcactcttata,0.275
gccagcactcttatag,0.275
ccagcactcttatagc,0.275
cagcactcttatagcg,0.275
agcactcttatagcga,0.275
gcactcttatagcgag,0.2625
cactcttatagcgagg,0.2625
actcttatagcgaggc,0.25
ctcttatagcgaggct,0.25
tcttatagcgaggctt,0.1875
cttatagcgaggcttg,0.1875
ttatagcgaggcttga,0.225
tatagcgaggcttgaa,0.2875
atagcgaggcttgaag,0.2875
tagcgaggcttgaagc,0.3
agcgaggcttgaagcc,0.3625
gcgaggcttgaagccc,0.425
cgaggcttgaagccct,0.4875
gaggcttgaagccctt,0.4875
aggcttgaagcccttg,0.4875
ggcttgaagcccttgt,0.4875
gcttgaagcccttgtg,0.45
cttgaagcccttgtgg,0.45
ttgaagcccttgtggg,0.45
tgaagcccttgtgggc,0.45
gaagcccttgtgggcc,0.3875
aagcccttgtgggccg,0.325
agcccttgtgggccgt,0.2625
gcccttgtgggccgta,0.25
cccttgtgggccgtag,0.25
