Subsequence,Contains
ggagcatcggaggt,0.285714285714286
gagcatcggaggtg,0.285714285714286
agcatcggaggtga,0.314285714285714
gcatcggaggtgat,0.385714285714286
catcggaggtgatg,0.385714285714286
atcggaggtgatgg,0.385714285714286
tcggaggtgatggg,0.385714285714286
cggaggtgatgggc,0.385714285714286
ggaggtgatgggca,0.385714285714286
gaggtgatgggcag,0.385714285714286
aggtgatgggcagg,0.314285714285714
ggtgatgggcaggc,0.314285714285714
gtgatgggcaggcg,0.314285714285714
tgatgggcaggcgc,0.314285714285714
gatgggcaggcgct,0.242857142857143
atgggcaggcgctc,0.214285714285714
tgggcaggcgctca,0.257142857142857
gggcaggcgctcac,0.328571428571429
ggcaggcgctcaca,0.4
gcaggcgctcacat,0.4
caggcgctcacata,0.4
aggcgctcacataa,0.4
ggcgctcacataag,0.357142857142857
gcgctcacataagc,0.357142857142857
cgctcacataagct,0.357142857142857
gctcacataagctg,0.357142857142857
ctcacataagctga,0.357142857142857
tcacataagctgat,0.357142857142857
cacataagctgatt,0.285714285714286
acataagctgattg,0.285714285714286
cataagctgattgg,0.285714285714286
ataagctgattgga,0.285714285714286
taagctgattggat,0.328571428571429
aagctgattggatt,0.4
agctgattggattc,0.471428571428571
gctgattggattcc,0.471428571428571
ctgattggattccg,0.471428571428571
tgattggattccgt,0.471428571428571
gattggattccgtc,0.428571428571429
attggattccgtcc,0.428571428571429
ttggattccgtcca,0.428571428571429
tggattccgtccaa,0.428571428571429
ggattccgtccaat,0.428571428571429
gattccgtccaatg,0.357142857142857
attccgtccaatgt,0.285714285714286
ttccgtccaatgtc,0.214285714285714
tccgtccaatgtca,0.242857142857143
ccgtccaatgtcag,0.242857142857143
cgtccaatgtcagt,0.242857142857143
gtccaatgtcagtc,0.242857142857143
tccaatgtcagtcc,0.242857142857143
ccaatgtcagtccg,0.242857142857143
caatgtcagtccgg,0.242857142857143
aatgtcagtccggc,0.242857142857143
atgtcagtccggca,0.242857142857143
tgtcagtccggcaa,0.214285714285714
gtcagtccggcaat,0.214285714285714
tcagtccggcaatg,0.214285714285714
cagtccggcaatgt,0.171428571428571
agtccggcaatgtg,0.171428571428571
gtccggcaatgtga,0.214285714285714
tccggcaatgtgag,0.285714285714286
ccggcaatgtgagt,0.285714285714286
cggcaatgtgagta,0.285714285714286
ggcaatgtgagtat,0.285714285714286
gcaatgtgagtatc,0.285714285714286
caatgtgagtatct,0.285714285714286
aatgtgagtatctt,0.285714285714286
atgtgagtatcttg,0.285714285714286
tgtgagtatcttgc,0.285714285714286
gtgagtatcttgcc,0.285714285714286
tgagtatcttgccg,0.285714285714286
gagtatcttgccgt,0.214285714285714
agtatcttgccgtg,0.214285714285714
gtatcttgccgtgg,0.214285714285714
tatcttgccgtggt,0.214285714285714
atcttgccgtggtc,0.214285714285714
tcttgccgtggtca,0.214285714285714
cttgccgtggtcaa,0.214285714285714
ttgccgtggtcaac,0.214285714285714
tgccgtggtcaacg,0.214285714285714
gccgtggtcaacgg,0.214285714285714
ccgtggtcaacgga,0.228571428571429
cgtggtcaacggac,0.228571428571429
gtggtcaacggact,0.242857142857143
tggtcaacggacta,0.242857142857143
ggtcaacggactat,0.242857142857143
gtcaacggactata,0.242857142857143
tcaacggactatag,0.242857142857143
caacggactatagt,0.242857142857143
aacggactatagtc,0.242857142857143
acggactatagtca,0.242857142857143
cggactatagtcac,0.3
ggactatagtcact,0.3
gactatagtcactc,0.3
actatagtcactcc,0.3
ctatagtcactccc,0.3
tatagtcactccct,0.3
atagtcactcccta,0.3
tagtcactccctaa,0.3
agtcactccctaag,0.3
gtcactccctaaga,0.285714285714286
tcactccctaagag,0.285714285714286
cactccctaagagc,0.214285714285714
actccctaagagcg,0.228571428571429
ctccctaagagcga,0.3
tccctaagagcgat,0.371428571428571
ccctaagagcgata,0.371428571428571
cctaagagcgatag,0.371428571428571
ctaagagcgataga,0.371428571428571
taagagcgatagag,0.371428571428571
aagagcgatagagg,0.371428571428571
agagcgatagaggg,0.371428571428571
gagcgatagaggga,0.442857142857143
agcgatagagggat,0.514285714285714
gcgatagagggatt,0.585714285714286
cgatagagggattg,0.585714285714286
gatagagggattgt,0.585714285714286
atagagggattgtg,0.585714285714286
tagagggattgtga,0.585714285714286
agagggattgtgat,0.571428571428571
gagggattgtgata,0.571428571428571
agggattgtgataa,0.5
gggattgtgataag,0.428571428571429
ggattgtgataagc,0.357142857142857
gattgtgataagcc,0.285714285714286
attgtgataagcca,0.228571428571429
ttgtgataagccag,0.228571428571429
tgtgataagccagc,0.228571428571429
gtgataagccagct,0.228571428571429
tgataagccagctc,0.214285714285714
gataagccagctct,0.214285714285714
ataagccagctcta,0.157142857142857
taagccagctctaa,0.157142857142857
aagccagctctaaa,0.142857142857143
agccagctctaaaa,0.142857142857143
gccagctctaaaaa,0.142857142857143
ccagctctaaaaat,0.142857142857143
cagctctaaaaata,0.142857142857143
agctctaaaaatag,0.142857142857143
gctctaaaaatagg,0.214285714285714
ctctaaaaataggt,0.214285714285714
tctaaaaataggtt,0.214285714285714
ctaaaaataggttt,0.228571428571429
taaaaataggtttg,0.228571428571429
aaaaataggtttgt,0.228571428571429
aaaataggtttgta,0.228571428571429
aaataggtttgtag,0.242857142857143
aataggtttgtagt,0.242857142857143
ataggtttgtagta,0.242857142857143
taggtttgtagtat,0.257142857142857
aggtttgtagtata,0.257142857142857
ggtttgtagtataa,0.257142857142857
gtttgtagtataag,0.257142857142857
tttgtagtataagg,0.257142857142857
ttgtagtataaggc,0.257142857142857
tgtagtataaggca,0.242857142857143
gtagtataaggcaa,0.242857142857143
tagtataaggcaat,0.257142857142857
agtataaggcaatg,0.257142857142857
gtataaggcaatga,0.271428571428571
tataaggcaatgaa,0.271428571428571
ataaggcaatgaaa,0.285714285714286
taaggcaatgaaac,0.285714285714286
aaggcaatgaaacc,0.271428571428571
aggcaatgaaaccc,0.271428571428571
ggcaatgaaaccct,0.214285714285714
gcaatgaaaccctc,0.214285714285714
caatgaaaccctct,0.214285714285714
aatgaaaccctctc,0.214285714285714
atgaaaccctctca,0.228571428571429
tgaaaccctctcac,0.285714285714286
gaaaccctctcaca,0.357142857142857
aaaccctctcacat,0.357142857142857
aaccctctcacatc,0.357142857142857
accctctcacatcg,0.357142857142857
ccctctcacatcga,0.357142857142857
cctctcacatcgag,0.357142857142857
ctctcacatcgagg,0.357142857142857
tctcacatcgaggt,0.357142857142857
ctcacatcgaggtt,0.357142857142857
tcacatcgaggttt,0.357142857142857
cacatcgaggtttt,0.328571428571429
acatcgaggttttc,0.4
catcgaggttttcc,0.4
atcgaggttttccg,0.4
tcgaggttttccgg,0.4
cgaggttttccggc,0.385714285714286
gaggttttccggct,0.385714285714286
aggttttccggctg,0.314285714285714
ggttttccggctgc,0.242857142857143
gttttccggctgct,0.214285714285714
ttttccggctgctg,0.214285714285714
tttccggctgctgg,0.214285714285714
ttccggctgctggc,0.214285714285714
tccggctgctggcc,0.171428571428571
ccggctgctggccc,0.171428571428571
cggctgctggccca,0.171428571428571
ggctgctggcccat,0.171428571428571
gctgctggcccatt,0.214285714285714
ctgctggcccatta,0.214285714285714
tgctggcccattag,0.214285714285714
gctggcccattaga,0.214285714285714
ctggcccattagaa,0.214285714285714
tggcccattagaaa,0.214285714285714
ggcccattagaaaa,0.214285714285714
gcccattagaaaat,0.214285714285714
cccattagaaaatt,0.214285714285714
ccattagaaaattg,0.214285714285714
cattagaaaattgt,0.214285714285714
attagaaaattgta,0.214285714285714
ttagaaaattgtag,0.242857142857143
tagaaaattgtagg,0.314285714285714
agaaaattgtaggt,0.314285714285714
gaaaattgtaggta,0.328571428571429
aaaattgtaggtat,0.4
aaattgtaggtatt,0.471428571428571
aattgtaggtattc,0.542857142857143
attgtaggtattct,0.542857142857143
ttgtaggtattctc,0.557142857142857
tgtaggtattctcc,0.485714285714286
gtaggtattctcca,0.457142857142857
taggtattctccaa,0.457142857142857
aggtattctccaat,0.457142857142857
ggtattctccaatt,0.385714285714286
gtattctccaattt,0.314285714285714
tattctccaatttc,0.3
attctccaatttca,0.3
ttctccaatttcat,0.285714285714286
tctccaatttcatg,0.285714285714286
ctccaatttcatga,0.285714285714286
tccaatttcatgag,0.285714285714286
ccaatttcatgagc,0.285714285714286
caatttcatgagct,0.285714285714286
aatttcatgagctc,0.285714285714286
atttcatgagctca,0.285714285714286
tttcatgagctcat,0.285714285714286
ttcatgagctcatg,0.285714285714286
tcatgagctcatgc,0.285714285714286
catgagctcatgcc,0.285714285714286
atgagctcatgcca,0.285714285714286
tgagctcatgccat,0.285714285714286
gagctcatgccatc,0.214285714285714
agctcatgccatcc,0.214285714285714
gctcatgccatcct,0.214285714285714
ctcatgccatcctt,0.214285714285714
tcatgccatccttg,0.214285714285714
catgccatccttga,0.285714285714286
atgccatccttgag,0.357142857142857
tgccatccttgagg,0.428571428571429
gccatccttgaggg,0.5
ccatccttgaggga,0.571428571428571
catccttgagggat,0.642857142857143
atccttgagggatt,0.714285714285714
tccttgagggattc,0.785714285714286
ccttgagggattca,0.857142857142857
cttgagggattcac,0.928571428571428
ttgagggattcaca,1
tgagggattcacac,0.928571428571428
gagggattcacact,0.857142857142857
agggattcacactg,0.785714285714286
gggattcacactgc,0.714285714285714
ggattcacactgcg,0.642857142857143
gattcacactgcgg,0.571428571428571
attcacactgcggt,0.5
ttcacactgcggtc,0.428571428571429
tcacactgcggtca,0.357142857142857
cacactgcggtcaa,0.285714285714286
acactgcggtcaac,0.228571428571429
cactgcggtcaacc,0.228571428571429
actgcggtcaacct,0.228571428571429
ctgcggtcaacctg,0.228571428571429
tgcggtcaacctgc,0.228571428571429
gcggtcaacctgcc,0.214285714285714
cggtcaacctgccg,0.214285714285714
ggtcaacctgccgg,0.214285714285714
gtcaacctgccggc,0.214285714285714
tcaacctgccggca,0.214285714285714
caacctgccggcaa,0.171428571428571
aacctgccggcaag,0.171428571428571
acctgccggcaaga,0.171428571428571
cctgccggcaagat,0.214285714285714
ctgccggcaagata,0.214285714285714
tgccggcaagatag,0.214285714285714
gccggcaagatagc,0.214285714285714
ccggcaagatagcc,0.214285714285714
cggcaagatagcct,0.214285714285714
ggcaagatagccta,0.214285714285714
gcaagatagcctac,0.214285714285714
caagatagcctaca,0.214285714285714
aagatagcctacaa,0.214285714285714
agatagcctacaac,0.214285714285714
gatagcctacaaca,0.214285714285714
atagcctacaacag,0.214285714285714
tagcctacaacagg,0.214285714285714
agcctacaacaggc,0.214285714285714
gcctacaacaggca,0.228571428571429
cctacaacaggcac,0.228571428571429
ctacaacaggcacc,0.228571428571429
tacaacaggcaccg,0.228571428571429
acaacaggcaccgc,0.228571428571429
caacaggcaccgcg,0.228571428571429
aacaggcaccgcgt,0.228571428571429
acaggcaccgcgtt,0.228571428571429
caggcaccgcgttg,0.228571428571429
aggcaccgcgttga,0.285714285714286
ggcaccgcgttgaa,0.285714285714286
gcaccgcgttgaaa,0.285714285714286
caccgcgttgaaat,0.285714285714286
accgcgttgaaatg,0.285714285714286
ccgcgttgaaatgg,0.285714285714286
cgcgttgaaatgga,0.285714285714286
gcgttgaaatggat,0.3
cgttgaaatggatc,0.3
gttgaaatggatct,0.3
ttgaaatggatctc,0.328571428571429
tgaaatggatctcc,0.328571428571429
gaaatggatctcct,0.328571428571429
aaatggatctcctt,0.328571428571429
aatggatctcctta,0.328571428571429
atggatctccttag,0.328571428571429
tggatctccttaga,0.314285714285714
ggatctccttagaa,0.314285714285714
gatctccttagaat,0.242857142857143
atctccttagaata,0.171428571428571
tctccttagaatat,0.171428571428571
ctccttagaatatt,0.214285714285714
tccttagaatattg,0.214285714285714
ccttagaatattgg,0.214285714285714
cttagaatattgga,0.214285714285714
ttagaatattggac,0.214285714285714
tagaatattggact,0.228571428571429
agaatattggactt,0.242857142857143
gaatattggacttc,0.314285714285714
aatattggacttcg,0.314285714285714
atattggacttcgt,0.314285714285714
tattggacttcgtg,0.314285714285714
attggacttcgtgt,0.314285714285714
ttggacttcgtgtc,0.314285714285714
tggacttcgtgtcc,0.314285714285714
ggacttcgtgtccc,0.314285714285714
gacttcgtgtcccc,0.242857142857143
acttcgtgtccccc,0.214285714285714
cttcgtgtccccca,0.214285714285714
ttcgtgtcccccaa,0.214285714285714
tcgtgtcccccaag,0.157142857142857
cgtgtcccccaaga,0.157142857142857
gtgtcccccaagaa,0.157142857142857
tgtcccccaagaac,0.157142857142857
gtcccccaagaacg,0.157142857142857
tcccccaagaacgc,0.157142857142857
cccccaagaacgca,0.157142857142857
ccccaagaacgcat,0.171428571428571
cccaagaacgcatt,0.242857142857143
ccaagaacgcattg,0.242857142857143
caagaacgcattga,0.285714285714286
aagaacgcattgag,0.357142857142857
agaacgcattgagc,0.357142857142857
gaacgcattgagct,0.357142857142857
aacgcattgagcta,0.357142857142857
acgcattgagctat,0.385714285714286
cgcattgagctatt,0.457142857142857
gcattgagctatta,0.457142857142857
cattgagctattac,0.485714285714286
attgagctattaca,0.557142857142857
ttgagctattacat,0.557142857142857
tgagctattacatc,0.485714285714286
gagctattacatct,0.414285714285714
agctattacatctt,0.342857142857143
gctattacatcttc,0.314285714285714
ctattacatcttct,0.314285714285714
tattacatcttctg,0.314285714285714
attacatcttctgg,0.314285714285714
ttacatcttctggc,0.242857142857143
tacatcttctggct,0.214285714285714
acatcttctggctc,0.214285714285714
catcttctggctca,0.214285714285714
atcttctggctcag,0.214285714285714
tcttctggctcagg,0.228571428571429
cttctggctcaggg,0.3
ttctggctcagggt,0.3
tctggctcagggtc,0.3
ctggctcagggtca,0.3
tggctcagggtcat,0.3
ggctcagggtcatt,0.3
gctcagggtcatta,0.3
ctcagggtcattaa,0.3
tcagggtcattaat,0.3
cagggtcattaata,0.3
agggtcattaatac,0.3
gggtcattaatact,0.242857142857143
ggtcattaatactc,0.242857142857143
gtcattaatactcc,0.242857142857143
tcattaatactccc,0.242857142857143
cattaatactccca,0.242857142857143
attaatactcccaa,0.242857142857143
ttaatactcccaat,0.242857142857143
taatactcccaatc,0.242857142857143
aatactcccaatcc,0.242857142857143
atactcccaatcct,0.242857142857143
tactcccaatcctg,0.242857142857143
actcccaatcctgc,0.242857142857143
ctcccaatcctgcg,0.228571428571429
tcccaatcctgcgc,0.228571428571429
cccaatcctgcgct,0.157142857142857
ccaatcctgcgcta,0.157142857142857
caatcctgcgctac,0.157142857142857
aatcctgcgctacg,0.157142857142857
atcctgcgctacgt,0.157142857142857
tcctgcgctacgta,0.157142857142857
cctgcgctacgtat,0.171428571428571
ctgcgctacgtata,0.171428571428571
tgcgctacgtatat,0.171428571428571
gcgctacgtatatt,0.214285714285714
cgctacgtatattc,0.285714285714286
gctacgtatattct,0.285714285714286
ctacgtatattctg,0.285714285714286
tacgtatattctgc,0.285714285714286
acgtatattctgcg,0.285714285714286
cgtatattctgcgc,0.285714285714286
gtatattctgcgcg,0.285714285714286
tatattctgcgcga,0.285714285714286
atattctgcgcgac,0.285714285714286
tattctgcgcgact,0.285714285714286
attctgcgcgactc,0.328571428571429
ttctgcgcgactcc,0.328571428571429
tctgcgcgactcca,0.357142857142857
ctgcgcgactccat,0.357142857142857
tgcgcgactccata,0.357142857142857
gcgcgactccatac,0.285714285714286
cgcgactccatacg,0.271428571428571
gcgactccatacgt,0.271428571428571
cgactccatacgtg,0.257142857142857
gactccatacgtgc,0.257142857142857
actccatacgtgca,0.185714285714286
ctccatacgtgcac,0.228571428571429
tccatacgtgcact,0.228571428571429
ccatacgtgcactg,0.228571428571429
catacgtgcactga,0.228571428571429
atacgtgcactgat,0.228571428571429
tacgtgcactgatt,0.285714285714286
acgtgcactgattt,0.285714285714286
cgtgcactgatttg,0.285714285714286
gtgcactgatttgt,0.285714285714286
tgcactgatttgtg,0.285714285714286
gcactgatttgtgt,0.285714285714286
cactgatttgtgta,0.285714285714286
actgatttgtgtaa,0.285714285714286
ctgatttgtgtaac,0.285714285714286
tgatttgtgtaact,0.285714285714286
gatttgtgtaacta,0.285714285714286
atttgtgtaactat,0.228571428571429
tttgtgtaactatc,0.228571428571429
ttgtgtaactatca,0.242857142857143
tgtgtaactatcac,0.285714285714286
gtgtaactatcaca,0.357142857142857
tgtaactatcacag,0.357142857142857
gtaactatcacagt,0.357142857142857
taactatcacagtg,0.357142857142857
aactatcacagtga,0.357142857142857
actatcacagtgat,0.357142857142857
ctatcacagtgata,0.357142857142857
tatcacagtgatac,0.357142857142857
atcacagtgatacc,0.357142857142857
tcacagtgataccc,0.357142857142857
cacagtgataccct,0.328571428571429
acagtgataccctc,0.328571428571429
cagtgataccctcc,0.328571428571429
agtgataccctccc,0.328571428571429
gtgataccctcccc,0.257142857142857
tgataccctccccg,0.242857142857143
gataccctccccga,0.242857142857143
ataccctccccgac,0.171428571428571
taccctccccgaca,0.214285714285714
accctccccgacaa,0.214285714285714
ccctccccgacaac,0.214285714285714
cctccccgacaact,0.214285714285714
ctccccgacaactt,0.214285714285714
tccccgacaacttc,0.214285714285714
ccccgacaacttcg,0.214285714285714
cccgacaacttcgt,0.214285714285714
ccgacaacttcgtc,0.214285714285714
cgacaacttcgtct,0.214285714285714
gacaacttcgtctg,0.214285714285714
acaacttcgtctgg,0.214285714285714
caacttcgtctggt,0.214285714285714
aacttcgtctggtc,0.214285714285714
acttcgtctggtcc,0.214285714285714
cttcgtctggtccc,0.214285714285714
ttcgtctggtcccg,0.214285714285714
tcgtctggtcccgt,0.157142857142857
cgtctggtcccgtt,0.157142857142857
gtctggtcccgtta,0.157142857142857
tctggtcccgttag,0.171428571428571
ctggtcccgttagc,0.171428571428571
tggtcccgttagct,0.171428571428571
ggtcccgttagctc,0.171428571428571
gtcccgttagctcc,0.171428571428571
tcccgttagctccc,0.171428571428571
cccgttagctcccc,0.171428571428571
ccgttagctccccc,0.171428571428571
cgttagctcccccc,0.171428571428571
gttagctccccccg,0.171428571428571
ttagctccccccga,0.171428571428571
tagctccccccgaa,0.157142857142857
agctccccccgaaa,0.157142857142857
gctccccccgaaaa,0.157142857142857
ctccccccgaaaat,0.157142857142857
tccccccgaaaatt,0.214285714285714
ccccccgaaaattt,0.214285714285714
cccccgaaaatttg,0.214285714285714
ccccgaaaatttgc,0.214285714285714
cccgaaaatttgcg,0.228571428571429
ccgaaaatttgcgg,0.3
cgaaaatttgcggg,0.371428571428571
gaaaatttgcggga,0.442857142857143
aaaatttgcgggaa,0.442857142857143
aaatttgcgggaac,0.442857142857143
aatttgcgggaaca,0.442857142857143
atttgcgggaacac,0.485714285714286
tttgcgggaacacc,0.485714285714286
ttgcgggaacaccg,0.485714285714286
tgcgggaacaccgt,0.414285714285714
gcgggaacaccgtt,0.342857142857143
cgggaacaccgttc,0.328571428571429
gggaacaccgttcc,0.328571428571429
ggaacaccgttccc,0.257142857142857
gaacaccgttccct,0.228571428571429
aacaccgttcccta,0.228571428571429
acaccgttccctac,0.228571428571429
caccgttccctact,0.228571428571429
accgttccctacta,0.228571428571429
ccgttccctactag,0.228571428571429
cgttccctactaga,0.228571428571429
gttccctactagat,0.228571428571429
ttccctactagatc,0.228571428571429
tccctactagatct,0.214285714285714
ccctactagatctc,0.242857142857143
cctactagatctct,0.242857142857143
ctactagatctctc,0.257142857142857
tactagatctctcc,0.257142857142857
actagatctctcct,0.257142857142857
ctagatctctccta,0.257142857142857
tagatctctcctat,0.257142857142857
agatctctcctatt,0.257142857142857
gatctctcctattt,0.257142857142857
atctctcctattta,0.228571428571429
tctctcctatttag,0.228571428571429
ctctcctatttagt,0.228571428571429
tctcctatttagtg,0.242857142857143
ctcctatttagtgt,0.242857142857143
tcctatttagtgtg,0.242857142857143
cctatttagtgtgt,0.242857142857143
ctatttagtgtgtg,0.242857142857143
tatttagtgtgtgg,0.242857142857143
atttagtgtgtggt,0.242857142857143
tttagtgtgtggta,0.242857142857143
ttagtgtgtggtag,0.242857142857143
tagtgtgtggtagg,0.242857142857143
agtgtgtggtaggt,0.242857142857143
gtgtgtggtaggtc,0.242857142857143
tgtgtggtaggtct,0.242857142857143
gtgtggtaggtctg,0.242857142857143
tgtggtaggtctgg,0.242857142857143
gtggtaggtctgga,0.214285714285714
tggtaggtctggag,0.228571428571429
ggtaggtctggagg,0.3
gtaggtctggaggc,0.3
taggtctggaggcg,0.3
aggtctggaggcgc,0.3
ggtctggaggcgca,0.3
gtctggaggcgcaa,0.3
tctggaggcgcaat,0.3
ctggaggcgcaatc,0.3
tggaggcgcaatcg,0.3
ggaggcgcaatcgg,0.285714285714286
gaggcgcaatcggt,0.285714285714286
aggcgcaatcggtc,0.214285714285714
ggcgcaatcggtca,0.214285714285714
gcgcaatcggtcaa,0.214285714285714
cgcaatcggtcaaa,0.228571428571429
gcaatcggtcaaac,0.228571428571429
caatcggtcaaact,0.228571428571429
aatcggtcaaacta,0.228571428571429
atcggtcaaactat,0.228571428571429
tcggtcaaactata,0.228571428571429
cggtcaaactataa,0.228571428571429
ggtcaaactataag,0.228571428571429
gtcaaactataagc,0.228571428571429
tcaaactataagcg,0.228571428571429
caaactataagcgc,0.171428571428571
aaactataagcgcc,0.171428571428571
aactataagcgccg,0.171428571428571
actataagcgccgg,0.171428571428571
ctataagcgccggg,0.214285714285714
tataagcgccggga,0.285714285714286
ataagcgccgggag,0.285714285714286
taagcgccgggagc,0.285714285714286
aagcgccgggagcg,0.285714285714286
agcgccgggagcgc,0.285714285714286
gcgccgggagcgct,0.285714285714286
cgccgggagcgctg,0.285714285714286
gccgggagcgctga,0.285714285714286
ccgggagcgctgat,0.285714285714286
cgggagcgctgatg,0.285714285714286
gggagcgctgatgc,0.285714285714286
ggagcgctgatgcg,0.242857142857143
gagcgctgatgcgc,0.242857142857143
agcgctgatgcgcc,0.242857142857143
gcgctgatgcgcca,0.242857142857143
cgctgatgcgccac,0.242857142857143
gctgatgcgccaca,0.285714285714286
ctgatgcgccacac,0.285714285714286
tgatgcgccacacc,0.285714285714286
gatgcgccacaccc,0.285714285714286
atgcgccacacccg,0.285714285714286
tgcgccacacccgg,0.285714285714286
gcgccacacccggg,0.285714285714286
cgccacacccgggc,0.285714285714286
gccacacccgggcg,0.285714285714286
ccacacccgggcgc,0.285714285714286
cacacccgggcgca,0.285714285714286
acacccgggcgcaa,0.214285714285714
cacccgggcgcaag,0.214285714285714
acccgggcgcaagt,0.214285714285714
cccgggcgcaagtg,0.214285714285714
ccgggcgcaagtga,0.228571428571429
cgggcgcaagtgac,0.228571428571429
gggcgcaagtgacc,0.228571428571429
ggcgcaagtgacca,0.228571428571429
gcgcaagtgaccac,0.271428571428571
cgcaagtgaccact,0.271428571428571
gcaagtgaccacta,0.271428571428571
caagtgaccactat,0.271428571428571
aagtgaccactata,0.271428571428571
agtgaccactataa,0.271428571428571
gtgaccactataaa,0.214285714285714
tgaccactataaaa,0.214285714285714
gaccactataaaaa,0.214285714285714
accactataaaaaa,0.214285714285714
ccactataaaaaac,0.214285714285714
cactataaaaaact,0.214285714285714
actataaaaaactc,0.157142857142857
ctataaaaaactcc,0.157142857142857
tataaaaaactcct,0.157142857142857
ataaaaaactcctc,0.157142857142857
taaaaaactcctct,0.157142857142857
aaaaaactcctcta,0.157142857142857
aaaaactcctctat,0.157142857142857
aaaactcctctatg,0.157142857142857
aaactcctctatgg,0.157142857142857
aactcctctatggt,0.157142857142857
actcctctatggta,0.157142857142857
ctcctctatggtac,0.157142857142857
tcctctatggtacc,0.157142857142857
cctctatggtacct,0.157142857142857
ctctatggtaccta,0.157142857142857
tctatggtacctag,0.157142857142857
ctatggtacctaga,0.157142857142857
tatggtacctagaa,0.157142857142857
atggtacctagaaa,0.157142857142857
tggtacctagaaaa,0.157142857142857
ggtacctagaaaac,0.157142857142857
gtacctagaaaacc,0.157142857142857
tacctagaaaacca,0.157142857142857
acctagaaaaccag,0.157142857142857
cctagaaaaccagc,0.157142857142857
ctagaaaaccagcc,0.157142857142857
tagaaaaccagcca,0.157142857142857
agaaaaccagccag,0.142857142857143
gaaaaccagccagg,0.214285714285714
aaaaccagccaggg,0.285714285714286
aaaccagccagggg,0.285714285714286
aaccagccaggggg,0.285714285714286
accagccagggggc,0.285714285714286
ccagccagggggca,0.285714285714286
cagccagggggcat,0.285714285714286
agccagggggcata,0.285714285714286
gccagggggcataa,0.285714285714286
ccagggggcataag,0.285714285714286
cagggggcataagt,0.285714285714286
agggggcataagtt,0.285714285714286
gggggcataagttt,0.257142857142857
ggggcataagtttt,0.242857142857143
gggcataagttttc,0.242857142857143
ggcataagttttca,0.285714285714286
gcataagttttcag,0.285714285714286
cataagttttcagc,0.285714285714286
ataagttttcagcg,0.285714285714286
taagttttcagcgt,0.285714285714286
aagttttcagcgtt,0.285714285714286
agttttcagcgtta,0.285714285714286
gttttcagcgttaa,0.285714285714286
ttttcagcgttaac,0.357142857142857
tttcagcgttaact,0.357142857142857
ttcagcgttaactg,0.357142857142857
tcagcgttaactga,0.285714285714286
cagcgttaactgag,0.285714285714286
agcgttaactgagc,0.285714285714286
gcgttaactgagcc,0.285714285714286
cgttaactgagccg,0.285714285714286
gttaactgagccgt,0.285714285714286
ttaactgagccgtt,0.285714285714286
taactgagccgttt,0.285714285714286
aactgagccgtttg,0.285714285714286
actgagccgtttgg,0.285714285714286
ctgagccgtttgga,0.285714285714286
tgagccgtttggaa,0.285714285714286
gagccgtttggaat,0.228571428571429
agccgtttggaata,0.228571428571429
gccgtttggaatac,0.257142857142857
ccgtttggaatact,0.257142857142857
cgtttggaatacta,0.257142857142857
gtttggaatactaa,0.257142857142857
tttggaatactaag,0.257142857142857
ttggaatactaagc,0.257142857142857
tggaatactaagct,0.257142857142857
ggaatactaagctg,0.257142857142857
gaatactaagctga,0.214285714285714
aatactaagctgac,0.214285714285714
atactaagctgacc,0.214285714285714
tactaagctgaccc,0.214285714285714
actaagctgaccca,0.214285714285714
ctaagctgacccac,0.242857142857143
taagctgacccact,0.242857142857143
aagctgacccacta,0.242857142857143
agctgacccactaa,0.242857142857143
gctgacccactaag,0.242857142857143
ctgacccactaaga,0.242857142857143
tgacccactaagaa,0.242857142857143
gacccactaagaaa,0.242857142857143
acccactaagaaat,0.214285714285714
cccactaagaaata,0.214285714285714
ccactaagaaatag,0.214285714285714
cactaagaaataga,0.214285714285714
actaagaaatagaa,0.185714285714286
ctaagaaatagaat,0.185714285714286
taagaaatagaatt,0.228571428571429
aagaaatagaatta,0.228571428571429
agaaatagaattag,0.228571428571429
gaaatagaattagt,0.228571428571429
aaatagaattagtt,0.228571428571429
aatagaattagtta,0.228571428571429
atagaattagttat,0.228571428571429
tagaattagttata,0.228571428571429
agaattagttatac,0.228571428571429
gaattagttatacg,0.228571428571429
aattagttatacgc,0.228571428571429
attagttatacgca,0.3
ttagttatacgcaa,0.3
tagttatacgcaag,0.271428571428571
agttatacgcaagg,0.271428571428571
gttatacgcaaggc,0.242857142857143
ttatacgcaaggca,0.242857142857143
tatacgcaaggcag,0.242857142857143
atacgcaaggcagt,0.242857142857143
tacgcaaggcagtt,0.257142857142857
acgcaaggcagttc,0.328571428571429
cgcaaggcagttca,0.4
gcaaggcagttcaa,0.4
caaggcagttcaac,0.4
aaggcagttcaacc,0.4
aggcagttcaaccc,0.4
ggcagttcaacccc,0.328571428571429
gcagttcaaccccc,0.285714285714286
cagttcaacccccg,0.285714285714286
agttcaacccccgt,0.285714285714286
gttcaacccccgtc,0.285714285714286
ttcaacccccgtcc,0.285714285714286
tcaacccccgtcct,0.214285714285714
caacccccgtccta,0.142857142857143
aacccccgtcctag,0.142857142857143
acccccgtcctagt,0.142857142857143
cccccgtcctagtc,0.157142857142857
ccccgtcctagtcc,0.157142857142857
cccgtcctagtcca,0.185714285714286
ccgtcctagtccaa,0.185714285714286
cgtcctagtccaac,0.185714285714286
gtcctagtccaact,0.185714285714286
tcctagtccaactg,0.185714285714286
cctagtccaactgg,0.185714285714286
ctagtccaactggc,0.185714285714286
tagtccaactggca,0.185714285714286
agtccaactggcaa,0.185714285714286
gtccaactggcaaa,0.171428571428571
tccaactggcaaag,0.171428571428571
ccaactggcaaagg,0.214285714285714
caactggcaaaggc,0.214285714285714
aactggcaaaggca,0.228571428571429
actggcaaaggcac,0.228571428571429
ctggcaaaggcaca,0.285714285714286
tggcaaaggcacaa,0.285714285714286
ggcaaaggcacaac,0.285714285714286
gcaaaggcacaact,0.285714285714286
caaaggcacaactc,0.285714285714286
aaaggcacaactcc,0.285714285714286
aaggcacaactccc,0.285714285714286
aggcacaactcccc,0.285714285714286
ggcacaactcccca,0.285714285714286
gcacaactccccac,0.285714285714286
cacaactccccacg,0.285714285714286
acaactccccacgg,0.214285714285714
caactccccacgga,0.228571428571429
aactccccacggat,0.3
actccccacggatt,0.371428571428571
ctccccacggattc,0.442857142857143
tccccacggattcc,0.442857142857143
ccccacggattccg,0.442857142857143
cccacggattccgt,0.442857142857143
ccacggattccgta,0.442857142857143
cacggattccgtaa,0.442857142857143
acggattccgtaag,0.442857142857143
cggattccgtaaga,0.428571428571429
ggattccgtaagat,0.428571428571429
gattccgtaagatc,0.357142857142857
attccgtaagatca,0.285714285714286
ttccgtaagatcac,0.314285714285714
tccgtaagatcact,0.314285714285714
ccgtaagatcacta,0.314285714285714
cgtaagatcactag,0.314285714285714
gtaagatcactaga,0.314285714285714
taagatcactagat,0.314285714285714
aagatcactagata,0.314285714285714
agatcactagatac,0.314285714285714
gatcactagataca,0.314285714285714
atcactagatacat,0.3
tcactagatacata,0.314285714285714
cactagatacataa,0.314285714285714
actagatacataag,0.314285714285714
ctagatacataagt,0.314285714285714
tagatacataagtc,0.314285714285714
agatacataagtcg,0.314285714285714
gatacataagtcgt,0.314285714285714
atacataagtcgtc,0.242857142857143
tacataagtcgtcg,0.214285714285714
acataagtcgtcgt,0.214285714285714
cataagtcgtcgtc,0.157142857142857
ataagtcgtcgtca,0.214285714285714
taagtcgtcgtcag,0.214285714285714
aagtcgtcgtcaga,0.228571428571429
agtcgtcgtcagat,0.228571428571429
gtcgtcgtcagatg,0.228571428571429
tcgtcgtcagatgt,0.228571428571429
cgtcgtcagatgtg,0.228571428571429
gtcgtcagatgtgt,0.228571428571429
tcgtcagatgtgtt,0.228571428571429
cgtcagatgtgtta,0.228571428571429
gtcagatgtgttac,0.228571428571429
tcagatgtgttact,0.228571428571429
cagatgtgttactt,0.214285714285714
agatgtgttacttc,0.214285714285714
gatgtgttacttca,0.285714285714286
atgtgttacttcat,0.285714285714286
tgtgttacttcatg,0.285714285714286
gtgttacttcatgc,0.285714285714286
tgttacttcatgca,0.285714285714286
gttacttcatgcaa,0.285714285714286
ttacttcatgcaaa,0.285714285714286
tacttcatgcaaaa,0.285714285714286
acttcatgcaaaat,0.285714285714286
cttcatgcaaaatc,0.285714285714286
ttcatgcaaaatcc,0.285714285714286
tcatgcaaaatccc,0.242857142857143
catgcaaaatccca,0.242857142857143
atgcaaaatcccac,0.242857142857143
tgcaaaatcccaca,0.285714285714286
gcaaaatcccacaa,0.285714285714286
caaaatcccacaaa,0.285714285714286
aaaatcccacaaaa,0.285714285714286
aaatcccacaaaaa,0.285714285714286
aatcccacaaaaaa,0.285714285714286
atcccacaaaaaat,0.285714285714286
tcccacaaaaaatt,0.285714285714286
cccacaaaaaatta,0.285714285714286
ccacaaaaaattat,0.285714285714286
cacaaaaaattatg,0.285714285714286
acaaaaaattatgc,0.214285714285714
caaaaaattatgcc,0.214285714285714
aaaaaattatgcca,0.214285714285714
aaaaattatgccaa,0.214285714285714
aaaattatgccaaa,0.214285714285714
aaattatgccaaag,0.214285714285714
aattatgccaaagc,0.214285714285714
attatgccaaagcc,0.214285714285714
ttatgccaaagcct,0.185714285714286
tatgccaaagccta,0.185714285714286
atgccaaagcctac,0.185714285714286
tgccaaagcctacg,0.157142857142857
gccaaagcctacga,0.157142857142857
ccaaagcctacgat,0.214285714285714
caaagcctacgatt,0.285714285714286
aaagcctacgatta,0.285714285714286
aagcctacgattac,0.314285714285714
agcctacgattact,0.314285714285714
gcctacgattactg,0.314285714285714
cctacgattactgt,0.314285714285714
ctacgattactgtc,0.314285714285714
tacgattactgtca,0.314285714285714
acgattactgtcat,0.314285714285714
cgattactgtcata,0.314285714285714
gattactgtcatag,0.314285714285714
attactgtcatagg,0.242857142857143
ttactgtcataggt,0.228571428571429
tactgtcataggtc,0.228571428571429
actgtcataggtct,0.228571428571429
ctgtcataggtctc,0.228571428571429
tgtcataggtctcg,0.228571428571429
gtcataggtctcgc,0.228571428571429
tcataggtctcgct,0.228571428571429
cataggtctcgctt,0.214285714285714
ataggtctcgcttt,0.214285714285714
taggtctcgctttt,0.214285714285714
aggtctcgcttttt,0.214285714285714
ggtctcgctttttc,0.214285714285714
gtctcgctttttcc,0.214285714285714
tctcgctttttcct,0.214285714285714
ctcgctttttcctt,0.214285714285714
tcgctttttcctta,0.214285714285714
cgctttttccttaa,0.214285714285714
gctttttccttaat,0.214285714285714
ctttttccttaatt,0.214285714285714
tttttccttaattc,0.285714285714286
ttttccttaattcg,0.285714285714286
tttccttaattcgg,0.285714285714286
ttccttaattcggt,0.285714285714286
tccttaattcggta,0.285714285714286
ccttaattcggtag,0.285714285714286
cttaattcggtagg,0.285714285714286
ttaattcggtaggc,0.285714285714286
taattcggtaggcc,0.285714285714286
aattcggtaggcca,0.285714285714286
attcggtaggccac,0.285714285714286
ttcggtaggccact,0.214285714285714
tcggtaggccacta,0.214285714285714
cggtaggccactaa,0.214285714285714
ggtaggccactaag,0.214285714285714
gtaggccactaaga,0.214285714285714
taggccactaagaa,0.214285714285714
aggccactaagaac,0.214285714285714
ggccactaagaacg,0.214285714285714
gccactaagaacgc,0.214285714285714
ccactaagaacgcc,0.214285714285714
cactaagaacgcca,0.214285714285714
actaagaacgccag,0.157142857142857
ctaagaacgccagc,0.157142857142857
taagaacgccagcc,0.157142857142857
aagaacgccagcca,0.142857142857143
agaacgccagccag,0.142857142857143
gaacgccagccagc,0.142857142857143
aacgccagccagca,0.171428571428571
acgccagccagcac,0.214285714285714
cgccagccagcact,0.214285714285714
gccagccagcactc,0.214285714285714
ccagccagcactct,0.214285714285714
cagccagcactctt,0.214285714285714
agccagcactctta,0.214285714285714
gccagcactcttat,0.214285714285714
ccagcactcttata,0.214285714285714
cagcactcttatag,0.214285714285714
agcactcttatagc,0.214285714285714
gcactcttatagcg,0.214285714285714
cactcttatagcga,0.228571428571429
actcttatagcgag,0.228571428571429
ctcttatagcgagg,0.285714285714286
tcttatagcgaggc,0.285714285714286
cttatagcgaggct,0.285714285714286
ttatagcgaggctt,0.285714285714286
tatagcgaggcttg,0.285714285714286
atagcgaggcttga,0.285714285714286
tagcgaggcttgaa,0.285714285714286
agcgaggcttgaag,0.3
gcgaggcttgaagc,0.3
cgaggcttgaagcc,0.3
gaggcttgaagccc,0.3
aggcttgaagccct,0.3
ggcttgaagccctt,0.3
gcttgaagcccttg,0.3
cttgaagcccttgt,0.3
ttgaagcccttgtg,0.3
tgaagcccttgtgg,0.3
gaagcccttgtggg,0.371428571428571
aagcccttgtgggc,0.371428571428571
agcccttgtgggcc,0.371428571428571
gcccttgtgggccg,0.371428571428571
cccttgtgggccgt,0.371428571428571
ccttgtgggccgta,0.371428571428571
cttgtgggccgtag,0.371428571428571
