Subsequence,Contains
ggagca,0.333333333333333
gagcat,0.4
agcatc,0.4
gcatcg,0.333333333333333
catcgg,0.333333333333333
atcgga,0.333333333333333
tcggag,0.333333333333333
cggagg,0.366666666666667
ggaggt,0.533333333333333
gaggtg,0.533333333333333
aggtga,0.533333333333333
ggtgat,0.5
gtgatg,0.666666666666667
tgatgg,0.666666666666667
gatggg,0.666666666666667
atgggc,0.5
tgggca,0.333333333333333
gggcag,0.333333333333333
ggcagg,0.333333333333333
gcaggc,0.333333333333333
caggcg,0.333333333333333
aggcgc,0.333333333333333
ggcgct,0.2
gcgctc,0.2
cgctca,0.2
gctcac,0.2
ctcaca,0.2
tcacat,0.366666666666667
cacata,0.366666666666667
acataa,0.366666666666667
cataag,0.333333333333333
ataagc,0.333333333333333
taagct,0.366666666666667
aagctg,0.533333333333333
agctga,0.533333333333333
gctgat,0.5
ctgatt,0.5
tgattg,0.5
gattgg,0.5
attgga,0.333333333333333
ttggat,0.5
tggatt,0.5
ggattc,0.5
gattcc,0.5
attccg,0.333333333333333
ttccgt,0.333333333333333
tccgtc,0.333333333333333
ccgtcc,0.333333333333333
cgtcca,0.333333333333333
gtccaa,0.333333333333333
tccaat,0.333333333333333
ccaatg,0.5
caatgt,0.666666666666667
aatgtc,0.666666666666667
atgtca,0.666666666666667
tgtcag,0.5
gtcagt,0.333333333333333
tcagtc,0.333333333333333
cagtcc,0.333333333333333
agtccg,0.333333333333333
gtccgg,0.333333333333333
tccggc,0.166666666666667
ccggca,0.166666666666667
cggcaa,0.166666666666667
ggcaat,0.333333333333333
gcaatg,0.5
caatgt,0.666666666666667
aatgtg,0.666666666666667
atgtga,0.666666666666667
tgtgag,0.5
gtgagt,0.4
tgagta,0.4
gagtat,0.4
agtatc,0.4
gtatct,0.366666666666667
tatctt,0.366666666666667
atcttg,0.366666666666667
tcttgc,0.333333333333333
cttgcc,0.333333333333333
ttgccg,0.333333333333333
tgccgt,0.333333333333333
gccgtg,0.333333333333333
ccgtgg,0.333333333333333
cgtggt,0.333333333333333
gtggtc,0.333333333333333
tggtca,0.333333333333333
ggtcaa,0.333333333333333
gtcaac,0.333333333333333
tcaacg,0.2
caacgg,0.2
aacgga,0.333333333333333
acggac,0.333333333333333
cggact,0.333333333333333
ggacta,0.333333333333333
gactat,0.333333333333333
actata,0.333333333333333
ctatag,0.333333333333333
tatagt,0.4
atagtc,0.4
tagtca,0.333333333333333
agtcac,0.333333333333333
gtcact,0.333333333333333
tcactc,0.166666666666667
cactcc,0.166666666666667
actccc,0.166666666666667
ctccct,0.166666666666667
tcccta,0.166666666666667
ccctaa,0.166666666666667
cctaag,0.333333333333333
ctaaga,0.5
taagag,0.5
aagagc,0.5
agagcg,0.5
gagcga,0.333333333333333
agcgat,0.5
gcgata,0.5
cgatag,0.5
gataga,0.5
atagag,0.5
tagagg,0.533333333333333
agaggg,0.533333333333333
gaggga,0.366666666666667
agggat,0.5
gggatt,0.5
ggattg,0.5
gattgt,0.566666666666667
attgtg,0.5
ttgtga,0.5
tgtgat,0.5
gtgata,0.5
tgataa,0.5
gataag,0.5
ataagc,0.333333333333333
taagcc,0.333333333333333
aagcca,0.333333333333333
agccag,0.333333333333333
gccagc,0.333333333333333
ccagct,0.366666666666667
cagctc,0.366666666666667
agctct,0.4
gctcta,0.233333333333333
ctctaa,0.2
tctaaa,0.2
ctaaaa,0.2
taaaaa,0.2
aaaaat,0.366666666666667
aaaata,0.366666666666667
aaatag,0.366666666666667
aatagg,0.333333333333333
ataggt,0.4
taggtt,0.366666666666667
aggttt,0.4
ggtttg,0.333333333333333
gtttgt,0.5
tttgta,0.5
ttgtag,0.5
tgtagt,0.5
gtagta,0.333333333333333
tagtat,0.4
agtata,0.4
gtataa,0.333333333333333
tataag,0.333333333333333
ataagg,0.333333333333333
taaggc,0.333333333333333
aaggca,0.333333333333333
aggcaa,0.333333333333333
ggcaat,0.333333333333333
gcaatg,0.5
caatga,0.5
aatgaa,0.5
atgaaa,0.5
tgaaac,0.333333333333333
gaaacc,0.333333333333333
aaaccc,0.2
aaccct,0.166666666666667
accctc,0.166666666666667
ccctct,0.2
cctctc,0.2
ctctca,0.2
tctcac,0.2
ctcaca,0.2
tcacat,0.366666666666667
cacatc,0.366666666666667
acatcg,0.366666666666667
catcga,0.333333333333333
atcgag,0.333333333333333
tcgagg,0.366666666666667
cgaggt,0.533333333333333
gaggtt,0.533333333333333
aggttt,0.4
ggtttt,0.333333333333333
gttttc,0.333333333333333
ttttcc,0.2
tttccg,0.2
ttccgg,0.166666666666667
tccggc,0.166666666666667
ccggct,0.2
cggctg,0.366666666666667
ggctgc,0.366666666666667
gctgct,0.366666666666667
ctgctg,0.366666666666667
tgctgg,0.366666666666667
gctggc,0.366666666666667
ctggcc,0.333333333333333
tggccc,0.333333333333333
ggccca,0.166666666666667
gcccat,0.333333333333333
cccatt,0.333333333333333
ccatta,0.333333333333333
cattag,0.333333333333333
attaga,0.5
ttagaa,0.5
tagaaa,0.5
agaaaa,0.5
gaaaat,0.366666666666667
aaaatt,0.366666666666667
aaattg,0.366666666666667
aattgt,0.5
attgta,0.5
ttgtag,0.5
tgtagg,0.5
gtaggt,0.366666666666667
taggta,0.366666666666667
aggtat,0.4
ggtatt,0.333333333333333
gtattc,0.333333333333333
tattct,0.333333333333333
attctc,0.333333333333333
ttctcc,0.2
tctcca,0.2
ctccaa,0.166666666666667
tccaat,0.333333333333333
ccaatt,0.333333333333333
caattt,0.366666666666667
aatttc,0.366666666666667
atttca,0.366666666666667
tttcat,0.333333333333333
ttcatg,0.5
tcatga,0.5
catgag,0.5
atgagc,0.5
tgagct,0.366666666666667
gagctc,0.366666666666667
agctca,0.366666666666667
gctcat,0.333333333333333
ctcatg,0.5
tcatgc,0.5
catgcc,0.5
atgcca,0.5
tgccat,0.333333333333333
gccatc,0.333333333333333
ccatcc,0.333333333333333
catcct,0.333333333333333
atcctt,0.333333333333333
tccttg,0.333333333333333
ccttga,0.333333333333333
cttgag,0.333333333333333
ttgagg,0.366666666666667
tgaggg,0.366666666666667
gaggga,0.366666666666667
agggat,0.5
gggatt,0.5
ggattc,0.5
gattca,0.5
attcac,0.333333333333333
ttcaca,0.2
tcacac,0.2
cacact,0.2
acactg,0.333333333333333
cactgc,0.333333333333333
actgcg,0.333333333333333
ctgcgg,0.333333333333333
tgcggt,0.333333333333333
gcggtc,0.333333333333333
cggtca,0.333333333333333
ggtcaa,0.333333333333333
gtcaac,0.333333333333333
tcaacc,0.166666666666667
caacct,0.166666666666667
aacctg,0.333333333333333
acctgc,0.333333333333333
cctgcc,0.333333333333333
ctgccg,0.333333333333333
tgccgg,0.333333333333333
gccggc,0.166666666666667
ccggca,0.166666666666667
cggcaa,0.166666666666667
ggcaag,0.333333333333333
gcaaga,0.5
caagat,0.666666666666667
aagata,0.666666666666667
agatag,0.666666666666667
gatagc,0.5
atagcc,0.333333333333333
tagcct,0.333333333333333
agccta,0.333333333333333
gcctac,0.166666666666667
cctaca,0.2
ctacaa,0.2
tacaac,0.2
acaaca,0.2
caacag,0.333333333333333
aacagg,0.333333333333333
acaggc,0.333333333333333
caggca,0.333333333333333
aggcac,0.333333333333333
ggcacc,0.166666666666667
gcaccg,0.166666666666667
caccgc,0.166666666666667
accgcg,0.166666666666667
ccgcgt,0.333333333333333
cgcgtt,0.333333333333333
gcgttg,0.366666666666667
cgttga,0.366666666666667
gttgaa,0.366666666666667
ttgaaa,0.333333333333333
tgaaat,0.366666666666667
gaaatg,0.533333333333333
aaatgg,0.533333333333333
aatgga,0.5
atggat,0.5
tggatc,0.5
ggatct,0.533333333333333
gatctc,0.533333333333333
atctcc,0.366666666666667
tctcct,0.2
ctcctt,0.166666666666667
tcctta,0.166666666666667
ccttag,0.333333333333333
cttaga,0.5
ttagaa,0.5
tagaat,0.5
agaata,0.5
gaatat,0.366666666666667
aatatt,0.366666666666667
atattg,0.366666666666667
tattgg,0.333333333333333
attgga,0.333333333333333
ttggac,0.333333333333333
tggact,0.333333333333333
ggactt,0.333333333333333
gacttc,0.333333333333333
acttcg,0.166666666666667
cttcgt,0.333333333333333
ttcgtg,0.333333333333333
tcgtgt,0.5
cgtgtc,0.5
gtgtcc,0.5
tgtccc,0.5
gtcccc,0.333333333333333
tccccc,0.166666666666667
ccccca,0.166666666666667
ccccaa,0.166666666666667
cccaag,0.333333333333333
ccaaga,0.5
caagaa,0.5
aagaac,0.5
agaacg,0.5
gaacgc,0.333333333333333
aacgca,0.2
acgcat,0.333333333333333
cgcatt,0.333333333333333
gcattg,0.333333333333333
cattga,0.333333333333333
attgag,0.333333333333333
ttgagc,0.333333333333333
tgagct,0.366666666666667
gagcta,0.366666666666667
agctat,0.4
gctatt,0.333333333333333
ctatta,0.333333333333333
tattac,0.333333333333333
attaca,0.333333333333333
ttacat,0.366666666666667
tacatc,0.366666666666667
acatct,0.4
catctt,0.366666666666667
atcttc,0.366666666666667
tcttct,0.2
cttctg,0.333333333333333
ttctgg,0.333333333333333
tctggc,0.333333333333333
ctggct,0.333333333333333
tggctc,0.333333333333333
ggctca,0.2
gctcag,0.333333333333333
ctcagg,0.333333333333333
tcaggg,0.333333333333333
cagggt,0.333333333333333
agggtc,0.333333333333333
gggtca,0.333333333333333
ggtcat,0.333333333333333
gtcatt,0.333333333333333
tcatta,0.333333333333333
cattaa,0.333333333333333
attaat,0.333333333333333
ttaata,0.333333333333333
taatac,0.333333333333333
aatact,0.333333333333333
atactc,0.333333333333333
tactcc,0.166666666666667
actccc,0.166666666666667
ctccca,0.166666666666667
tcccaa,0.166666666666667
cccaat,0.333333333333333
ccaatc,0.333333333333333
caatcc,0.333333333333333
aatcct,0.333333333333333
atcctg,0.333333333333333
tcctgc,0.333333333333333
cctgcg,0.333333333333333
ctgcgc,0.333333333333333
tgcgct,0.333333333333333
gcgcta,0.2
cgctac,0.2
gctacg,0.2
ctacgt,0.366666666666667
tacgta,0.366666666666667
acgtat,0.366666666666667
cgtata,0.333333333333333
gtatat,0.366666666666667
tatatt,0.366666666666667
atattc,0.366666666666667
tattct,0.333333333333333
attctg,0.333333333333333
ttctgc,0.333333333333333
tctgcg,0.333333333333333
ctgcgc,0.333333333333333
tgcgcg,0.333333333333333
gcgcga,0.333333333333333
cgcgac,0.333333333333333
gcgact,0.333333333333333
cgactc,0.333333333333333
gactcc,0.333333333333333
actcca,0.166666666666667
ctccat,0.333333333333333
tccata,0.333333333333333
ccatac,0.333333333333333
catacg,0.333333333333333
atacgt,0.4
tacgtg,0.366666666666667
acgtgc,0.366666666666667
cgtgca,0.333333333333333
gtgcac,0.333333333333333
tgcact,0.333333333333333
gcactg,0.333333333333333
cactga,0.333333333333333
actgat,0.5
ctgatt,0.5
tgattt,0.533333333333333
gatttg,0.533333333333333
atttgt,0.5
tttgtg,0.5
ttgtgt,0.5
tgtgta,0.5
gtgtaa,0.5
tgtaac,0.5
gtaact,0.333333333333333
taacta,0.166666666666667
aactat,0.333333333333333
actatc,0.333333333333333
ctatca,0.333333333333333
tatcac,0.333333333333333
atcaca,0.333333333333333
tcacag,0.333333333333333
cacagt,0.333333333333333
acagtg,0.4
cagtga,0.4
agtgat,0.5
gtgata,0.5
tgatac,0.5
gatacc,0.5
ataccc,0.333333333333333
taccct,0.166666666666667
accctc,0.166666666666667
ccctcc,0.166666666666667
cctccc,0.166666666666667
ctcccc,0.166666666666667
tccccg,0.166666666666667
ccccga,0.333333333333333
cccgac,0.333333333333333
ccgaca,0.333333333333333
cgacaa,0.333333333333333
gacaac,0.333333333333333
acaact,0.2
caactt,0.166666666666667
aacttc,0.166666666666667
acttcg,0.166666666666667
cttcgt,0.333333333333333
ttcgtc,0.333333333333333
tcgtct,0.333333333333333
cgtctg,0.333333333333333
gtctgg,0.333333333333333
tctggt,0.333333333333333
ctggtc,0.333333333333333
tggtcc,0.333333333333333
ggtccc,0.333333333333333
gtcccg,0.333333333333333
tcccgt,0.333333333333333
cccgtt,0.333333333333333
ccgtta,0.333333333333333
cgttag,0.333333333333333
gttagc,0.333333333333333
ttagct,0.366666666666667
tagctc,0.366666666666667
agctcc,0.366666666666667
gctccc,0.2
ctcccc,0.166666666666667
tccccc,0.166666666666667
cccccc,0
cccccg,0.166666666666667
ccccga,0.333333333333333
cccgaa,0.333333333333333
ccgaaa,0.333333333333333
cgaaaa,0.333333333333333
gaaaat,0.366666666666667
aaaatt,0.366666666666667
aaattt,0.4
aatttg,0.366666666666667
atttgc,0.366666666666667
tttgcg,0.333333333333333
ttgcgg,0.333333333333333
tgcggg,0.333333333333333
gcggga,0.333333333333333
cgggaa,0.333333333333333
gggaac,0.333333333333333
ggaaca,0.333333333333333
gaacac,0.333333333333333
aacacc,0.2
acaccg,0.2
caccgt,0.333333333333333
accgtt,0.333333333333333
ccgttc,0.333333333333333
cgttcc,0.333333333333333
gttccc,0.333333333333333
ttccct,0.166666666666667
tcccta,0.166666666666667
ccctac,0.166666666666667
cctact,0.166666666666667
ctacta,0.166666666666667
tactag,0.333333333333333
actaga,0.5
ctagat,0.666666666666667
tagatc,0.666666666666667
agatct,0.7
gatctc,0.533333333333333
atctct,0.366666666666667
tctctc,0.2
ctctcc,0.2
tctcct,0.2
ctccta,0.166666666666667
tcctat,0.333333333333333
cctatt,0.333333333333333
ctattt,0.366666666666667
tattta,0.366666666666667
atttag,0.366666666666667
tttagt,0.333333333333333
ttagtg,0.4
tagtgt,0.566666666666667
agtgtg,0.566666666666667
gtgtgt,0.5
tgtgtg,0.5
gtgtgg,0.5
tgtggt,0.5
gtggta,0.333333333333333
tggtag,0.333333333333333
ggtagg,0.333333333333333
gtaggt,0.366666666666667
taggtc,0.366666666666667
aggtct,0.4
ggtctg,0.333333333333333
gtctgg,0.333333333333333
tctgga,0.333333333333333
ctggag,0.333333333333333
tggagg,0.366666666666667
ggaggc,0.366666666666667
gaggcg,0.366666666666667
aggcgc,0.333333333333333
ggcgca,0.166666666666667
gcgcaa,0.166666666666667
cgcaat,0.333333333333333
gcaatc,0.333333333333333
caatcg,0.333333333333333
aatcgg,0.333333333333333
atcggt,0.333333333333333
tcggtc,0.333333333333333
cggtca,0.333333333333333
ggtcaa,0.333333333333333
gtcaaa,0.333333333333333
tcaaac,0.2
caaact,0.2
aaacta,0.2
aactat,0.333333333333333
actata,0.333333333333333
ctataa,0.333333333333333
tataag,0.333333333333333
ataagc,0.333333333333333
taagcg,0.333333333333333
aagcgc,0.333333333333333
agcgcc,0.333333333333333
gcgccg,0.166666666666667
cgccgg,0.166666666666667
gccggg,0.166666666666667
ccggga,0.333333333333333
cgggag,0.333333333333333
gggagc,0.333333333333333
ggagcg,0.333333333333333
gagcgc,0.333333333333333
agcgct,0.333333333333333
gcgctg,0.366666666666667
cgctga,0.366666666666667
gctgat,0.5
ctgatg,0.666666666666667
tgatgc,0.666666666666667
gatgcg,0.666666666666667
atgcgc,0.5
tgcgcc,0.333333333333333
gcgcca,0.166666666666667
cgccac,0.166666666666667
gccaca,0.2
ccacac,0.2
cacacc,0.2
acaccc,0.2
cacccg,0.166666666666667
acccgg,0.166666666666667
cccggg,0.166666666666667
ccgggc,0.166666666666667
cgggcg,0.166666666666667
gggcgc,0.166666666666667
ggcgca,0.166666666666667
gcgcaa,0.166666666666667
cgcaag,0.333333333333333
gcaagt,0.366666666666667
caagtg,0.4
aagtga,0.4
agtgac,0.4
gtgacc,0.333333333333333
tgacca,0.333333333333333
gaccac,0.333333333333333
accact,0.166666666666667
ccacta,0.166666666666667
cactat,0.333333333333333
actata,0.333333333333333
ctataa,0.333333333333333
tataaa,0.333333333333333
ataaaa,0.333333333333333
taaaaa,0.2
aaaaaa,0.2
aaaaac,0.2
aaaact,0.2
aaactc,0.2
aactcc,0.166666666666667
actcct,0.166666666666667
ctcctc,0.166666666666667
tcctct,0.2
cctcta,0.2
ctctat,0.333333333333333
tctatg,0.5
ctatgg,0.5
tatggt,0.5
atggta,0.5
tggtac,0.333333333333333
ggtacc,0.333333333333333
gtacct,0.333333333333333
taccta,0.166666666666667
acctag,0.333333333333333
cctaga,0.5
ctagaa,0.5
tagaaa,0.5
agaaaa,0.5
gaaaac,0.333333333333333
aaaacc,0.2
aaacca,0.2
aaccag,0.333333333333333
accagc,0.333333333333333
ccagcc,0.333333333333333
cagcca,0.333333333333333
agccag,0.333333333333333
gccagg,0.333333333333333
ccaggg,0.333333333333333
cagggg,0.333333333333333
aggggg,0.333333333333333
gggggc,0.166666666666667
ggggca,0.166666666666667
gggcat,0.333333333333333
ggcata,0.333333333333333
gcataa,0.333333333333333
cataag,0.333333333333333
ataagt,0.4
taagtt,0.366666666666667
aagttt,0.366666666666667
agtttt,0.4
gttttc,0.333333333333333
ttttca,0.2
tttcag,0.333333333333333
ttcagc,0.333333333333333
tcagcg,0.333333333333333
cagcgt,0.333333333333333
agcgtt,0.333333333333333
gcgtta,0.333333333333333
cgttaa,0.333333333333333
gttaac,0.333333333333333
ttaact,0.166666666666667
taactg,0.333333333333333
aactga,0.333333333333333
actgag,0.333333333333333
ctgagc,0.333333333333333
tgagcc,0.333333333333333
gagccg,0.333333333333333
agccgt,0.4
gccgtt,0.333333333333333
ccgttt,0.333333333333333
cgtttg,0.333333333333333
gtttgg,0.333333333333333
tttgga,0.333333333333333
ttggaa,0.333333333333333
tggaat,0.333333333333333
ggaata,0.333333333333333
gaatac,0.333333333333333
aatact,0.333333333333333
atacta,0.333333333333333
tactaa,0.166666666666667
actaag,0.333333333333333
ctaagc,0.333333333333333
taagct,0.366666666666667
aagctg,0.533333333333333
agctga,0.533333333333333
gctgac,0.366666666666667
ctgacc,0.333333333333333
tgaccc,0.333333333333333
gaccca,0.333333333333333
acccac,0.166666666666667
cccact,0.166666666666667
ccacta,0.166666666666667
cactaa,0.166666666666667
actaag,0.333333333333333
ctaaga,0.5
taagaa,0.5
aagaaa,0.5
agaaat,0.5
gaaata,0.366666666666667
aaatag,0.366666666666667
aataga,0.5
atagaa,0.5
tagaat,0.5
agaatt,0.5
gaatta,0.333333333333333
aattag,0.333333333333333
attagt,0.333333333333333
ttagtt,0.366666666666667
tagtta,0.366666666666667
agttat,0.4
gttata,0.333333333333333
ttatac,0.333333333333333
tatacg,0.333333333333333
atacgc,0.333333333333333
tacgca,0.2
acgcaa,0.2
cgcaag,0.333333333333333
gcaagg,0.333333333333333
caaggc,0.333333333333333
aaggca,0.333333333333333
aggcag,0.333333333333333
ggcagt,0.333333333333333
gcagtt,0.366666666666667
cagttc,0.366666666666667
agttca,0.366666666666667
gttcaa,0.333333333333333
ttcaac,0.166666666666667
tcaacc,0.166666666666667
caaccc,0.166666666666667
aacccc,0.166666666666667
accccc,0.166666666666667
cccccg,0.166666666666667
ccccgt,0.333333333333333
cccgtc,0.333333333333333
ccgtcc,0.333333333333333
cgtcct,0.333333333333333
gtccta,0.333333333333333
tcctag,0.333333333333333
cctagt,0.333333333333333
ctagtc,0.333333333333333
tagtcc,0.333333333333333
agtcca,0.333333333333333
gtccaa,0.333333333333333
tccaac,0.166666666666667
ccaact,0.166666666666667
caactg,0.333333333333333
aactgg,0.333333333333333
actggc,0.333333333333333
ctggca,0.333333333333333
tggcaa,0.333333333333333
ggcaaa,0.2
gcaaag,0.333333333333333
caaagg,0.333333333333333
aaaggc,0.333333333333333
aaggca,0.333333333333333
aggcac,0.333333333333333
ggcaca,0.2
gcacaa,0.2
cacaac,0.2
acaact,0.2
caactc,0.166666666666667
aactcc,0.166666666666667
actccc,0.166666666666667
ctcccc,0.166666666666667
tcccca,0.166666666666667
ccccac,0.166666666666667
cccacg,0.2
ccacgg,0.2
cacgga,0.333333333333333
acggat,0.5
cggatt,0.5
ggattc,0.5
gattcc,0.5
attccg,0.333333333333333
ttccgt,0.333333333333333
tccgta,0.333333333333333
ccgtaa,0.333333333333333
cgtaag,0.333333333333333
gtaaga,0.5
taagat,0.666666666666667
aagatc,0.666666666666667
agatca,0.666666666666667
gatcac,0.5
atcact,0.333333333333333
tcacta,0.166666666666667
cactag,0.333333333333333
actaga,0.5
ctagat,0.666666666666667
tagata,0.666666666666667
agatac,0.666666666666667
gataca,0.5
atacat,0.366666666666667
tacata,0.366666666666667
acataa,0.366666666666667
cataag,0.333333333333333
ataagt,0.4
taagtc,0.366666666666667
aagtcg,0.366666666666667
agtcgt,0.4
gtcgtc,0.333333333333333
tcgtcg,0.333333333333333
cgtcgt,0.333333333333333
gtcgtc,0.333333333333333
tcgtca,0.333333333333333
cgtcag,0.333333333333333
gtcaga,0.5
tcagat,0.666666666666667
cagatg,0.833333333333333
agatgt,1
gatgtg,0.833333333333333
atgtgt,0.666666666666667
tgtgtt,0.5
gtgtta,0.5
tgttac,0.5
gttact,0.333333333333333
ttactt,0.166666666666667
tacttc,0.166666666666667
acttca,0.166666666666667
cttcat,0.333333333333333
ttcatg,0.5
tcatgc,0.5
catgca,0.5
atgcaa,0.5
tgcaaa,0.333333333333333
gcaaaa,0.2
caaaat,0.366666666666667
aaaatc,0.366666666666667
aaatcc,0.366666666666667
aatccc,0.333333333333333
atccca,0.333333333333333
tcccac,0.166666666666667
cccaca,0.2
ccacaa,0.2
cacaaa,0.2
acaaaa,0.2
caaaaa,0.2
aaaaaa,0.2
aaaaat,0.366666666666667
aaaatt,0.366666666666667
aaatta,0.366666666666667
aattat,0.333333333333333
attatg,0.5
ttatgc,0.5
tatgcc,0.5
atgcca,0.5
tgccaa,0.333333333333333
gccaaa,0.2
ccaaag,0.333333333333333
caaagc,0.333333333333333
aaagcc,0.333333333333333
aagcct,0.333333333333333
agccta,0.333333333333333
gcctac,0.166666666666667
cctacg,0.2
ctacga,0.333333333333333
tacgat,0.5
acgatt,0.5
cgatta,0.5
gattac,0.5
attact,0.333333333333333
ttactg,0.333333333333333
tactgt,0.5
actgtc,0.5
ctgtca,0.5
tgtcat,0.5
gtcata,0.333333333333333
tcatag,0.333333333333333
catagg,0.333333333333333
ataggt,0.4
taggtc,0.366666666666667
aggtct,0.4
ggtctc,0.333333333333333
gtctcg,0.333333333333333
tctcgc,0.2
ctcgct,0.2
tcgctt,0.2
cgcttt,0.233333333333333
gctttt,0.233333333333333
cttttt,0.2
tttttc,0.2
ttttcc,0.2
tttcct,0.2
ttcctt,0.166666666666667
tcctta,0.166666666666667
ccttaa,0.166666666666667
cttaat,0.333333333333333
ttaatt,0.333333333333333
taattc,0.333333333333333
aattcg,0.333333333333333
attcgg,0.333333333333333
ttcggt,0.333333333333333
tcggta,0.333333333333333
cggtag,0.333333333333333
ggtagg,0.333333333333333
gtaggc,0.333333333333333
taggcc,0.333333333333333
aggcca,0.333333333333333
ggccac,0.166666666666667
gccact,0.166666666666667
ccacta,0.166666666666667
cactaa,0.166666666666667
actaag,0.333333333333333
ctaaga,0.5
taagaa,0.5
aagaac,0.5
agaacg,0.5
gaacgc,0.333333333333333
aacgcc,0.2
acgcca,0.2
cgccag,0.333333333333333
gccagc,0.333333333333333
ccagcc,0.333333333333333
cagcca,0.333333333333333
agccag,0.333333333333333
gccagc,0.333333333333333
ccagca,0.333333333333333
cagcac,0.333333333333333
agcact,0.333333333333333
gcactc,0.166666666666667
cactct,0.2
actctt,0.2
ctctta,0.2
tcttat,0.333333333333333
cttata,0.333333333333333
ttatag,0.333333333333333
tatagc,0.333333333333333
atagcg,0.333333333333333
tagcga,0.333333333333333
agcgag,0.333333333333333
gcgagg,0.366666666666667
cgaggc,0.366666666666667
gaggct,0.366666666666667
aggctt,0.333333333333333
ggcttg,0.333333333333333
gcttga,0.333333333333333
cttgaa,0.333333333333333
ttgaag,0.366666666666667
tgaagc,0.366666666666667
gaagcc,0.366666666666667
aagccc,0.333333333333333
agccct,0.333333333333333
gccctt,0.166666666666667
cccttg,0.333333333333333
ccttgt,0.5
cttgtg,0.5
ttgtgg,0.5
tgtggg,0.5
gtgggc,0.333333333333333
tgggcc,0.333333333333333
gggccg,0.166666666666667
ggccgt,0.333333333333333
gccgta,0.333333333333333
ccgtag,0.333333333333333
