Subsequence,Contains
ggagcatcgg,0.24
gagcatcgga,0.24
agcatcggag,0.24
gcatcggagg,0.22
catcggaggt,0.22
atcggaggtg,0.2
tcggaggtga,0.3
cggaggtgat,0.3
ggaggtgatg,0.3
gaggtgatgg,0.3
aggtgatggg,0.3
ggtgatgggc,0.3
gtgatgggca,0.3
tgatgggcag,0.3
gatgggcagg,0.2
atgggcaggc,0.2
tgggcaggcg,0.2
gggcaggcgc,0.12
ggcaggcgct,0.22
gcaggcgctc,0.32
caggcgctca,0.32
aggcgctcac,0.32
ggcgctcaca,0.32
gcgctcacat,0.32
cgctcacata,0.32
gctcacataa,0.3
ctcacataag,0.3
tcacataagc,0.22
cacataagct,0.22
acataagctg,0.22
cataagctga,0.3
ataagctgat,0.3
taagctgatt,0.3
aagctgattg,0.3
agctgattgg,0.3
gctgattgga,0.3
ctgattggat,0.3
tgattggatt,0.3
gattggattc,0.22
attggattcc,0.26
ttggattccg,0.26
tggattccgt,0.26
ggattccgtc,0.36
gattccgtcc,0.36
attccgtcca,0.32
ttccgtccaa,0.32
tccgtccaat,0.32
ccgtccaatg,0.32
cgtccaatgt,0.22
gtccaatgtc,0.2
tccaatgtca,0.2
ccaatgtcag,0.2
caatgtcagt,0.2
aatgtcagtc,0.2
atgtcagtcc,0.2
tgtcagtccg,0.2
gtcagtccgg,0.2
tcagtccggc,0.2
cagtccggca,0.2
agtccggcaa,0.22
gtccggcaat,0.22
tccggcaatg,0.22
ccggcaatgt,0.22
cggcaatgtg,0.22
ggcaatgtga,0.3
gcaatgtgag,0.3
caatgtgagt,0.3
aatgtgagta,0.3
atgtgagtat,0.3
tgtgagtatc,0.3
gtgagtatct,0.3
tgagtatctt,0.3
gagtatcttg,0.2
agtatcttgc,0.2
gtatcttgcc,0.2
tatcttgccg,0.2
atcttgccgt,0.22
tcttgccgtg,0.22
cttgccgtgg,0.22
ttgccgtggt,0.22
tgccgtggtc,0.22
gccgtggtca,0.22
ccgtggtcaa,0.22
cgtggtcaac,0.3
gtggtcaacg,0.3
tggtcaacgg,0.3
ggtcaacgga,0.3
gtcaacggac,0.3
tcaacggact,0.3
caacggacta,0.3
aacggactat,0.3
acggactata,0.2
cggactatag,0.2
ggactatagt,0.2
gactatagtc,0.2
actatagtca,0.2
ctatagtcac,0.2
tatagtcact,0.22
atagtcactc,0.32
tagtcactcc,0.32
agtcactccc,0.32
gtcactccct,0.4
tcactcccta,0.4
cactccctaa,0.4
actccctaag,0.4
ctccctaaga,0.4
tccctaagag,0.4
ccctaagagc,0.4
cctaagagcg,0.3
ctaagagcga,0.2
taagagcgat,0.2
aagagcgata,0.22
agagcgatag,0.22
gagcgataga,0.22
agcgatagag,0.22
gcgatagagg,0.22
cgatagaggg,0.22
gatagaggga,0.22
atagagggat,0.2
tagagggatt,0.2
agagggattg,0.2
gagggattgt,0.2
agggattgtg,0.2
gggattgtga,0.3
ggattgtgat,0.3
gattgtgata,0.32
attgtgataa,0.34
ttgtgataag,0.34
tgtgataagc,0.36
gtgataagcc,0.46
tgataagcca,0.46
gataagccag,0.36
ataagccagc,0.32
taagccagct,0.32
aagccagctc,0.32
agccagctct,0.3
gccagctcta,0.3
ccagctctaa,0.3
cagctctaaa,0.3
agctctaaaa,0.32
gctctaaaaa,0.32
ctctaaaaat,0.32
tctaaaaata,0.32
ctaaaaatag,0.32
taaaaatagg,0.32
aaaaataggt,0.3
aaaataggtt,0.3
aaataggttt,0.3
aataggtttg,0.2
ataggtttgt,0.2
taggtttgta,0.22
aggtttgtag,0.22
ggtttgtagt,0.22
gtttgtagta,0.22
tttgtagtat,0.22
ttgtagtata,0.22
tgtagtataa,0.22
gtagtataag,0.2
tagtataagg,0.2
agtataaggc,0.2
gtataaggca,0.2
tataaggcaa,0.22
ataaggcaat,0.22
taaggcaatg,0.22
aaggcaatga,0.3
aggcaatgaa,0.4
ggcaatgaaa,0.5
gcaatgaaac,0.6
caatgaaacc,0.7
aatgaaaccc,0.8
atgaaaccct,0.9
tgaaaccctc,1
gaaaccctct,0.9
aaaccctctc,0.8
aaccctctca,0.7
accctctcac,0.6
ccctctcaca,0.5
cctctcacat,0.4
ctctcacatc,0.32
tctcacatcg,0.3
ctcacatcga,0.3
tcacatcgag,0.22
cacatcgagg,0.22
acatcgaggt,0.22
catcgaggtt,0.22
atcgaggttt,0.2
tcgaggtttt,0.2
cgaggttttc,0.2
gaggttttcc,0.2
aggttttccg,0.2
ggttttccgg,0.2
gttttccggc,0.2
ttttccggct,0.2
tttccggctg,0.2
ttccggctgc,0.2
tccggctgct,0.2
ccggctgctg,0.2
cggctgctgg,0.2
ggctgctggc,0.2
gctgctggcc,0.2
ctgctggccc,0.3
tgctggccca,0.3
gctggcccat,0.3
ctggcccatt,0.3
tggcccatta,0.3
ggcccattag,0.3
gcccattaga,0.3
cccattagaa,0.3
ccattagaaa,0.4
cattagaaaa,0.4
attagaaaat,0.4
ttagaaaatt,0.4
tagaaaattg,0.4
agaaaattgt,0.4
gaaaattgta,0.4
aaaattgtag,0.3
aaattgtagg,0.3
aattgtaggt,0.22
attgtaggta,0.22
ttgtaggtat,0.22
tgtaggtatt,0.22
gtaggtattc,0.2
taggtattct,0.2
aggtattctc,0.3
ggtattctcc,0.3
gtattctcca,0.3
tattctccaa,0.3
attctccaat,0.3
ttctccaatt,0.3
tctccaattt,0.3
ctccaatttc,0.3
tccaatttca,0.2
ccaatttcat,0.2
caatttcatg,0.2
aatttcatga,0.3
atttcatgag,0.3
tttcatgagc,0.3
ttcatgagct,0.3
tcatgagctc,0.3
catgagctca,0.3
atgagctcat,0.3
tgagctcatg,0.3
gagctcatgc,0.3
agctcatgcc,0.3
gctcatgcca,0.3
ctcatgccat,0.3
tcatgccatc,0.32
catgccatcc,0.32
atgccatcct,0.36
tgccatcctt,0.36
gccatccttg,0.32
ccatccttga,0.32
catccttgag,0.32
atccttgagg,0.32
tccttgaggg,0.3
ccttgaggga,0.3
cttgagggat,0.3
ttgagggatt,0.3
tgagggattc,0.3
gagggattca,0.2
agggattcac,0.2
gggattcaca,0.2
ggattcacac,0.24
gattcacact,0.32
attcacactg,0.32
ttcacactgc,0.32
tcacactgcg,0.32
cacactgcgg,0.32
acactgcggt,0.32
cactgcggtc,0.22
actgcggtca,0.2
ctgcggtcaa,0.22
tgcggtcaac,0.3
gcggtcaacc,0.4
cggtcaacct,0.4
ggtcaacctg,0.4
gtcaacctgc,0.4
tcaacctgcc,0.4
caacctgccg,0.4
aacctgccgg,0.4
acctgccggc,0.3
cctgccggca,0.3
ctgccggcaa,0.22
tgccggcaag,0.22
gccggcaaga,0.22
ccggcaagat,0.22
cggcaagata,0.22
ggcaagatag,0.22
gcaagatagc,0.24
caagatagcc,0.34
aagatagcct,0.44
agatagccta,0.44
gatagcctac,0.44
atagcctaca,0.34
tagcctacaa,0.32
agcctacaac,0.32
gcctacaaca,0.3
cctacaacag,0.3
ctacaacagg,0.3
tacaacaggc,0.3
acaacaggca,0.3
caacaggcac,0.3
aacaggcacc,0.3
acaggcaccg,0.3
caggcaccgc,0.3
aggcaccgcg,0.3
ggcaccgcgt,0.3
gcaccgcgtt,0.3
caccgcgttg,0.3
accgcgttga,0.3
ccgcgttgaa,0.4
cgcgttgaaa,0.5
gcgttgaaat,0.5
cgttgaaatg,0.5
gttgaaatgg,0.5
ttgaaatgga,0.5
tgaaatggat,0.5
gaaatggatc,0.4
aaatggatct,0.3
aatggatctc,0.3
atggatctcc,0.3
tggatctcct,0.38
ggatctcctt,0.3
gatctcctta,0.3
atctccttag,0.3
tctccttaga,0.3
ctccttagaa,0.3
tccttagaat,0.3
ccttagaata,0.3
cttagaatat,0.3
ttagaatatt,0.3
tagaatattg,0.3
agaatattgg,0.3
gaatattgga,0.3
aatattggac,0.22
atattggact,0.22
tattggactt,0.22
attggacttc,0.22
ttggacttcg,0.22
tggacttcgt,0.22
ggacttcgtg,0.22
gacttcgtgt,0.22
acttcgtgtc,0.22
cttcgtgtcc,0.22
ttcgtgtccc,0.3
tcgtgtcccc,0.3
cgtgtccccc,0.32
gtgtccccca,0.32
tgtcccccaa,0.32
gtcccccaag,0.32
tcccccaaga,0.32
cccccaagaa,0.32
ccccaagaac,0.3
cccaagaacg,0.3
ccaagaacgc,0.32
caagaacgca,0.32
aagaacgcat,0.32
agaacgcatt,0.32
gaacgcattg,0.32
aacgcattga,0.32
acgcattgag,0.3
cgcattgagc,0.3
gcattgagct,0.3
cattgagcta,0.3
attgagctat,0.3
ttgagctatt,0.3
tgagctatta,0.3
gagctattac,0.2
agctattaca,0.2
gctattacat,0.2
ctattacatc,0.22
tattacatct,0.22
attacatctt,0.22
ttacatcttc,0.28
tacatcttct,0.26
acatcttctg,0.26
catcttctgg,0.24
atcttctggc,0.24
tcttctggct,0.22
cttctggctc,0.3
ttctggctca,0.3
tctggctcag,0.3
ctggctcagg,0.3
tggctcaggg,0.3
ggctcagggt,0.3
gctcagggtc,0.3
ctcagggtca,0.3
tcagggtcat,0.2
cagggtcatt,0.2
agggtcatta,0.2
gggtcattaa,0.22
ggtcattaat,0.22
gtcattaata,0.22
tcattaatac,0.26
cattaatact,0.26
attaatactc,0.34
ttaatactcc,0.34
taatactccc,0.34
aatactccca,0.34
atactcccaa,0.3
tactcccaat,0.3
actcccaatc,0.3
ctcccaatcc,0.32
tcccaatcct,0.42
cccaatcctg,0.42
ccaatcctgc,0.42
caatcctgcg,0.42
aatcctgcgc,0.42
atcctgcgct,0.32
tcctgcgcta,0.3
cctgcgctac,0.3
ctgcgctacg,0.22
tgcgctacgt,0.22
gcgctacgta,0.22
cgctacgtat,0.22
gctacgtata,0.2
ctacgtatat,0.2
tacgtatatt,0.2
acgtatattc,0.2
cgtatattct,0.2
gtatattctg,0.2
tatattctgc,0.2
atattctgcg,0.2
tattctgcgc,0.2
attctgcgcg,0.2
ttctgcgcga,0.2
tctgcgcgac,0.2
ctgcgcgact,0.2
tgcgcgactc,0.3
gcgcgactcc,0.3
cgcgactcca,0.3
gcgactccat,0.3
cgactccata,0.3
gactccatac,0.3
actccatacg,0.3
ctccatacgt,0.3
tccatacgtg,0.22
ccatacgtgc,0.22
catacgtgca,0.22
atacgtgcac,0.22
tacgtgcact,0.22
acgtgcactg,0.22
cgtgcactga,0.3
gtgcactgat,0.3
tgcactgatt,0.3
gcactgattt,0.3
cactgatttg,0.3
actgatttgt,0.3
ctgatttgtg,0.3
tgatttgtgt,0.3
gatttgtgta,0.22
atttgtgtaa,0.32
tttgtgtaac,0.42
ttgtgtaact,0.42
tgtgtaacta,0.42
gtgtaactat,0.42
tgtaactatc,0.46
gtaactatca,0.36
taactatcac,0.34
aactatcaca,0.34
actatcacag,0.24
ctatcacagt,0.2
tatcacagtg,0.2
atcacagtga,0.3
tcacagtgat,0.3
cacagtgata,0.32
acagtgatac,0.42
cagtgatacc,0.52
agtgataccc,0.62
gtgataccct,0.72
tgataccctc,0.82
gataccctcc,0.72
ataccctccc,0.62
taccctcccc,0.6
accctccccg,0.6
ccctccccga,0.5
cctccccgac,0.4
ctccccgaca,0.3
tccccgacaa,0.3
ccccgacaac,0.34
cccgacaact,0.34
ccgacaactt,0.34
cgacaacttc,0.36
gacaacttcg,0.36
acaacttcgt,0.3
caacttcgtc,0.3
aacttcgtct,0.3
acttcgtctg,0.22
cttcgtctgg,0.22
ttcgtctggt,0.22
tcgtctggtc,0.22
cgtctggtcc,0.22
gtctggtccc,0.3
tctggtcccg,0.3
ctggtcccgt,0.3
tggtcccgtt,0.3
ggtcccgtta,0.3
gtcccgttag,0.3
tcccgttagc,0.3
cccgttagct,0.3
ccgttagctc,0.3
cgttagctcc,0.3
gttagctccc,0.3
ttagctcccc,0.3
tagctccccc,0.32
agctcccccc,0.32
gctccccccg,0.32
ctccccccga,0.32
tccccccgaa,0.32
ccccccgaaa,0.4
cccccgaaaa,0.4
ccccgaaaat,0.4
cccgaaaatt,0.4
ccgaaaattt,0.4
cgaaaatttg,0.4
gaaaatttgc,0.4
aaaatttgcg,0.3
aaatttgcgg,0.3
aatttgcggg,0.2
atttgcggga,0.2
tttgcgggaa,0.3
ttgcgggaac,0.32
tgcgggaaca,0.32
gcgggaacac,0.34
cgggaacacc,0.44
gggaacaccg,0.44
ggaacaccgt,0.46
gaacaccgtt,0.46
aacaccgttc,0.36
acaccgttcc,0.34
caccgttccc,0.32
accgttccct,0.4
ccgttcccta,0.4
cgttccctac,0.4
gttccctact,0.4
ttccctacta,0.4
tccctactag,0.4
ccctactaga,0.4
cctactagat,0.3
ctactagatc,0.2
tactagatct,0.2
actagatctc,0.3
ctagatctct,0.3
tagatctctc,0.34
agatctctcc,0.34
gatctctcct,0.34
atctctccta,0.34
tctctcctat,0.32
ctctcctatt,0.32
tctcctattt,0.3
ctcctattta,0.3
tcctatttag,0.3
cctatttagt,0.3
ctatttagtg,0.2
tatttagtgt,0.2
atttagtgtg,0.2
tttagtgtgt,0.2
ttagtgtgtg,0.2
tagtgtgtgg,0.2
agtgtgtggt,0.2
gtgtgtggta,0.2
tgtgtggtag,0.2
gtgtggtagg,0.2
tgtggtaggt,0.2
gtggtaggtc,0.2
tggtaggtct,0.2
ggtaggtctg,0.2
gtaggtctgg,0.2
taggtctgga,0.22
aggtctggag,0.22
ggtctggagg,0.22
gtctggaggc,0.22
tctggaggcg,0.22
ctggaggcgc,0.22
tggaggcgca,0.22
ggaggcgcaa,0.22
gaggcgcaat,0.22
aggcgcaatc,0.24
ggcgcaatcg,0.24
gcgcaatcgg,0.24
cgcaatcggt,0.24
gcaatcggtc,0.26
caatcggtca,0.26
aatcggtcaa,0.26
atcggtcaaa,0.32
tcggtcaaac,0.42
cggtcaaact,0.42
ggtcaaacta,0.42
gtcaaactat,0.42
tcaaactata,0.42
caaactataa,0.4
aaactataag,0.4
aactataagc,0.3
actataagcg,0.22
ctataagcgc,0.24
tataagcgcc,0.26
ataagcgccg,0.26
taagcgccgg,0.26
aagcgccggg,0.26
agcgccggga,0.2
gcgccgggag,0.2
cgccgggagc,0.2
gccgggagcg,0.2
ccgggagcgc,0.2
cgggagcgct,0.26
gggagcgctg,0.26
ggagcgctga,0.3
gagcgctgat,0.3
agcgctgatg,0.3
gcgctgatgc,0.3
cgctgatgcg,0.3
gctgatgcgc,0.3
ctgatgcgcc,0.3
tgatgcgcca,0.3
gatgcgccac,0.22
atgcgccaca,0.22
tgcgccacac,0.22
gcgccacacc,0.32
cgccacaccc,0.42
gccacacccg,0.42
ccacacccgg,0.42
cacacccggg,0.42
acacccgggc,0.42
cacccgggcg,0.4
acccgggcgc,0.4
cccgggcgca,0.3
ccgggcgcaa,0.22
cgggcgcaag,0.22
gggcgcaagt,0.22
ggcgcaagtg,0.22
gcgcaagtga,0.3
cgcaagtgac,0.3
gcaagtgacc,0.3
caagtgacca,0.3
aagtgaccac,0.3
agtgaccact,0.34
gtgaccacta,0.34
tgaccactat,0.34
gaccactata,0.34
accactataa,0.34
ccactataaa,0.3
cactataaaa,0.32
actataaaaa,0.32
ctataaaaaa,0.32
tataaaaaac,0.4
ataaaaaact,0.4
taaaaaactc,0.46
aaaaaactcc,0.44
aaaaactcct,0.54
aaaactcctc,0.64
aaactcctct,0.64
aactcctcta,0.54
actcctctat,0.44
ctcctctatg,0.4
tcctctatgg,0.4
cctctatggt,0.4
ctctatggta,0.3
tctatggtac,0.24
ctatggtacc,0.34
tatggtacct,0.34
atggtaccta,0.34
tggtacctag,0.34
ggtacctaga,0.3
gtacctagaa,0.3
tacctagaaa,0.4
acctagaaaa,0.4
cctagaaaac,0.42
ctagaaaacc,0.52
tagaaaacca,0.52
agaaaaccag,0.52
gaaaaccagc,0.52
aaaaccagcc,0.5
aaaccagcca,0.5
aaccagccag,0.4
accagccagg,0.3
ccagccaggg,0.22
cagccagggg,0.22
agccaggggg,0.22
gccagggggc,0.2
ccagggggca,0.2
cagggggcat,0.12
agggggcata,0.12
gggggcataa,0.2
ggggcataag,0.2
gggcataagt,0.2
ggcataagtt,0.2
gcataagttt,0.2
cataagtttt,0.2
ataagttttc,0.2
taagttttca,0.2
aagttttcag,0.2
agttttcagc,0.2
gttttcagcg,0.2
ttttcagcgt,0.2
tttcagcgtt,0.2
ttcagcgtta,0.2
tcagcgttaa,0.22
cagcgttaac,0.3
agcgttaact,0.3
gcgttaactg,0.3
cgttaactga,0.3
gttaactgag,0.3
ttaactgagc,0.3
taactgagcc,0.3
aactgagccg,0.3
actgagccgt,0.3
ctgagccgtt,0.3
tgagccgttt,0.3
gagccgtttg,0.24
agccgtttgg,0.24
gccgtttgga,0.22
ccgtttggaa,0.32
cgtttggaat,0.32
gtttggaata,0.32
tttggaatac,0.34
ttggaatact,0.36
tggaatacta,0.36
ggaatactaa,0.34
gaatactaag,0.34
aatactaagc,0.24
atactaagct,0.22
tactaagctg,0.22
actaagctga,0.3
ctaagctgac,0.3
taagctgacc,0.3
aagctgaccc,0.4
agctgaccca,0.4
gctgacccac,0.42
ctgacccact,0.42
tgacccacta,0.42
gacccactaa,0.42
acccactaag,0.42
cccactaaga,0.32
ccactaagaa,0.3
cactaagaaa,0.4
actaagaaat,0.4
ctaagaaata,0.4
taagaaatag,0.4
aagaaataga,0.4
agaaatagaa,0.4
gaaatagaat,0.4
aaatagaatt,0.3
aatagaatta,0.3
atagaattag,0.3
tagaattagt,0.3
agaattagtt,0.3
gaattagtta,0.3
aattagttat,0.2
attagttata,0.14
ttagttatac,0.24
tagttatacg,0.24
agttatacgc,0.26
gttatacgca,0.26
ttatacgcaa,0.26
tatacgcaag,0.24
atacgcaagg,0.24
tacgcaaggc,0.22
acgcaaggca,0.22
cgcaaggcag,0.22
gcaaggcagt,0.22
caaggcagtt,0.2
aaggcagttc,0.2
aggcagttca,0.2
ggcagttcaa,0.22
gcagttcaac,0.3
cagttcaacc,0.4
agttcaaccc,0.5
gttcaacccc,0.5
ttcaaccccc,0.52
tcaacccccg,0.52
caacccccgt,0.52
aacccccgtc,0.52
acccccgtcc,0.42
cccccgtcct,0.34
ccccgtccta,0.34
cccgtcctag,0.34
ccgtcctagt,0.32
cgtcctagtc,0.3
gtcctagtcc,0.3
tcctagtcca,0.3
cctagtccaa,0.3
ctagtccaac,0.3
tagtccaact,0.3
agtccaactg,0.3
gtccaactgg,0.3
tccaactggc,0.3
ccaactggca,0.3
caactggcaa,0.3
aactggcaaa,0.3
actggcaaag,0.3
ctggcaaagg,0.3
tggcaaaggc,0.3
ggcaaaggca,0.3
gcaaaggcac,0.3
caaaggcaca,0.3
aaaggcacaa,0.3
aaggcacaac,0.3
aggcacaact,0.3
ggcacaactc,0.32
gcacaactcc,0.34
cacaactccc,0.34
acaactcccc,0.36
caactcccca,0.36
aactccccac,0.36
actccccacg,0.32
ctccccacgg,0.32
tccccacgga,0.32
ccccacggat,0.32
cccacggatt,0.32
ccacggattc,0.22
cacggattcc,0.24
acggattccg,0.24
cggattccgt,0.26
ggattccgta,0.26
gattccgtaa,0.26
attccgtaag,0.22
ttccgtaaga,0.22
tccgtaagat,0.22
ccgtaagatc,0.22
cgtaagatca,0.22
gtaagatcac,0.22
taagatcact,0.24
aagatcacta,0.24
agatcactag,0.24
gatcactaga,0.24
atcactagat,0.24
tcactagata,0.22
cactagatac,0.32
actagataca,0.32
ctagatacat,0.32
tagatacata,0.32
agatacataa,0.32
gatacataag,0.32
atacataagt,0.22
tacataagtc,0.2
acataagtcg,0.2
cataagtcgt,0.2
ataagtcgtc,0.26
taagtcgtcg,0.26
aagtcgtcgt,0.26
agtcgtcgtc,0.22
gtcgtcgtca,0.22
tcgtcgtcag,0.22
cgtcgtcaga,0.22
gtcgtcagat,0.22
tcgtcagatg,0.22
cgtcagatgt,0.22
gtcagatgtg,0.2
tcagatgtgt,0.2
cagatgtgtt,0.2
agatgtgtta,0.2
gatgtgttac,0.24
atgtgttact,0.24
tgtgttactt,0.24
gtgttacttc,0.24
tgttacttca,0.24
gttacttcat,0.22
ttacttcatg,0.22
tacttcatgc,0.22
acttcatgca,0.22
cttcatgcaa,0.32
ttcatgcaaa,0.34
tcatgcaaaa,0.34
catgcaaaat,0.34
atgcaaaatc,0.34
tgcaaaatcc,0.42
gcaaaatccc,0.44
caaaatccca,0.44
aaaatcccac,0.46
aaatcccaca,0.46
aatcccacaa,0.44
atcccacaaa,0.34
tcccacaaaa,0.32
cccacaaaaa,0.32
ccacaaaaaa,0.3
cacaaaaaat,0.3
acaaaaaatt,0.3
caaaaaatta,0.3
aaaaaattat,0.3
aaaaattatg,0.3
aaaattatgc,0.3
aaattatgcc,0.3
aattatgcca,0.2
attatgccaa,0.2
ttatgccaaa,0.3
tatgccaaag,0.3
atgccaaagc,0.32
tgccaaagcc,0.42
gccaaagcct,0.52
ccaaagccta,0.52
caaagcctac,0.52
aaagcctacg,0.52
aagcctacga,0.42
agcctacgat,0.32
gcctacgatt,0.3
cctacgatta,0.3
ctacgattac,0.2
tacgattact,0.2
acgattactg,0.2
cgattactgt,0.2
gattactgtc,0.24
attactgtca,0.24
ttactgtcat,0.24
tactgtcata,0.24
actgtcatag,0.24
ctgtcatagg,0.2
tgtcataggt,0.2
gtcataggtc,0.2
tcataggtct,0.2
cataggtctc,0.3
ataggtctcg,0.3
taggtctcgc,0.3
aggtctcgct,0.3
ggtctcgctt,0.3
gtctcgcttt,0.3
tctcgctttt,0.3
ctcgcttttt,0.3
tcgctttttc,0.22
cgctttttcc,0.22
gctttttcct,0.3
ctttttcctt,0.3
tttttcctta,0.3
ttttccttaa,0.3
tttccttaat,0.3
ttccttaatt,0.3
tccttaattc,0.3
ccttaattcg,0.3
cttaattcgg,0.22
ttaattcggt,0.22
taattcggta,0.2
aattcggtag,0.2
attcggtagg,0.2
ttcggtaggc,0.2
tcggtaggcc,0.2
cggtaggcca,0.2
ggtaggccac,0.22
gtaggccact,0.24
taggccacta,0.24
aggccactaa,0.24
ggccactaag,0.24
gccactaaga,0.24
ccactaagaa,0.3
cactaagaac,0.3
actaagaacg,0.3
ctaagaacgc,0.32
taagaacgcc,0.34
aagaacgcca,0.34
agaacgccag,0.34
gaacgccagc,0.34
aacgccagcc,0.34
acgccagcca,0.24
cgccagccag,0.22
gccagccagc,0.22
ccagccagca,0.22
cagccagcac,0.22
agccagcact,0.24
gccagcactc,0.34
ccagcactct,0.34
cagcactctt,0.34
agcactctta,0.34
gcactcttat,0.32
cactcttata,0.32
actcttatag,0.32
ctcttatagc,0.3
tcttatagcg,0.2
cttatagcga,0.2
ttatagcgag,0.2
tatagcgagg,0.2
atagcgaggc,0.2
tagcgaggct,0.2
agcgaggctt,0.2
gcgaggcttg,0.2
cgaggcttga,0.3
gaggcttgaa,0.4
aggcttgaag,0.4
ggcttgaagc,0.42
gcttgaagcc,0.52
cttgaagccc,0.62
ttgaagccct,0.72
tgaagccctt,0.72
gaagcccttg,0.62
aagcccttgt,0.52
agcccttgtg,0.42
gcccttgtgg,0.4
cccttgtggg,0.4
ccttgtgggc,0.3
cttgtgggcc,0.2
ttgtgggccg,0.2
tgtgggccgt,0.22
gtgggccgta,0.22
tgggccgtag,0.22
